52,185573,,,
570825,57052,195299,,,
570826,57052,184547,,,
570828,57052,195287,,,
570829,57052,188635,,,
570830,57052,194107,,,
570831,57052,188632,,,
570832,57052,188119,,,
570833,57052,181463,,,
570835,57052,182479,,,
570836,57052,192202,,,
570837,57052,188106,,,
570838,57052,192201,,,
570839,57052,181958,,,
570840,57052,191685,,,
570842,57052,191684,,,
570843,57052,194102,,,
570844,57052,191678,,,
570845,57052,181950,,,
570847,57052,195766,,,
570848,57052,194609,,,
570849,57052,194100,,,
570851,57052,194098,,,
570852,57052,194097,,,
570853,57052,186533,,,
570854,57052,186532,,,
570855,57052,194096,,,
570856,57052,186017,,,
570858,57052,194095,,,
570859,57052,195112,,,
570860,57052,194094,,,
570861,57052,187026,,,
570862,57052,186517,,,
570863,57052,186516,,,
570865,57052,186514,,,
570866,57052,186513,,,
570867,57052,186512,,,
570868,57052,186511,,,
570869,57052,183951,,,
570870,57052,186510,,,
570872,57052,186508,,,
570873,57052,192259,,,
570874,57052,187527,,,
570875,57052,191621,,,
570876,57052,194692,,,
570877,57052,184446,,,
570879,57052,183929,,,
570880,57052,195703,,,
570881,57052,192625,,,
570882,57052,195694,,,
570883,57052,186477,,,
570884,57052,182381,,,
570886,57052,194665,,,
570887,57052,185960,,,
570888,57052,194148,,,
570889,57052,194147,,,
570890,57052,194146,,,
570891,57052,194145,,,
570893,57052,194143,,,
570894,57052,194142,,,
570895,57052,194141,,,
570896,57052,194140,,,
570897,57052,194139,,,
570898,57052,194138,,,
570900,57052,194136,,,
570901,57052,194135,,,
570902,57052,194134,,,
570903,57052,194133,,,
570904,57052,194132,,,
570905,57052,194131,,,
570907,57052,194129,,,
570908,57052,185425,,,
570909,57052,185422,,,
570910,57052,190029,,,
570911,57052,190028,,,
570912,57052,187979,,,
570914,57052,187977,,,
570915,57052,194113,,,
570916,57052,194111,,,
570917,57052,194110,,,
570918,57052,194109,,,
570919,57052,190020,,,
570921,57052,194105,,,
570922,57052,194104,,,
570923,57052,187967,,,
570924,57052,187966,,,
570925,57052,187965,,,
570926,57052,186940,,,
570928,57052,192563,,,
570929,57052,191031,,,
570930,57052,183864,,,
570931,57052,187955,,,
570932,57052,187954,,,
570933,57052,187953,,,
570935,57052,187952,,,
570936,57052,186418,,,
570937,57052,187951,,,
570938,57052,184368,,,
570939,57052,184367,,,
570940,57052,189999,,,
570942,57052,194093,,,
570943,57052,194092,,,
570944,57052,194091,,,
570945,57052,194090,,,
570946,57052,194089,,,
570947,57052,194088,,,
570949,57052,195110,,,
570950,57052,192547,,,
570951,57052,187427,,,
570952,57052,192545,,,
570954,57052,187422,,,
570955,57052,187421,,,
570956,57052,187933,,,
570958,57052,187931,,,
570959,57052,187930,,,
570960,57052,187929,,,
570961,57052,187928,,,
570962,57052,187927,,,
570963,57052,187926,,,
570965,57052,187924,,,
570966,57052,187923,,,
570967,57052,187922,,,
570968,57052,187921,,,
570969,57052,187920,,,
570970,57052,187919,,,
570972,57052,195085,,,
570973,57052,194565,,,
570974,57052,185346,,,
570975,57074,176127,,,
570976,57074,179198,,,
570977,57074,179197,,,
570979,57074,179188,,,
570980,57074,176627,,,
570981,57074,179193,,,
570982,57074,179192,,,
570983,57074,173047,,,
570984,57074,173044,,,
570986,57074,172020,,,
570987,57074,173042,,,
570988,57074,172530,,,
570989,57074,173041,,,
570990,57074,175600,,,
570991,57074,173038,,,
570993,57074,178155,,,
570994,57074,170475,,,
570995,57074,176617,,,
570996,57074,181220,,,
570997,57074,180196,,,
570998,57074,179682,,,
571000,57074,172511,,,
571001,57074,179676,,,
571002,57074,179199,,,
571003,57074,175578,,,
571004,57074,178137,,,
571005,57074,179670,,,
571007,57074,180622,,,
571008,57074,181199,,,
571009,57074,179659,,,
571010,57074,179603,,,
571011,57074,178687,,,
571012,57074,180679,,,
571014,57074,175048,,,
571015,57074,178118,,,
571016,57074,178117,,,
571017,57074,175045,,,
571018,57074,179194,,,
571019,57074,179139,,,
571021,57074,175552,,,
571022,57074,169920,,,
571023,57074,176575,,,
571024,57074,181182,,,
571025,57074,176572,,,
571026,57074,177081,,,
571028,57074,177080,,,
571029,57074,171958,,,
571030,57074,179636,,,
571031,57074,179123,,,
571032,57074,180146,,,
571033,57074,180144,,,
571035,57074,179624,,,
571036,57074,178600,,,
571037,57074,179620,,,
571038,57074,178596,,,
571039,57074,177060,,,
571040,57074,178595,,,
571042,57074,176544,,,
571043,57074,178586,,,
571044,57074,175514,,,
571045,57074,172442,,,
571046,57074,171418,,,
571047,57074,176537,,,
571049,57074,179087,,,
571050,57074,179083,,,
571051,57074,175507,,,
571052,57074,173460,,,
571053,57074,173459,,,
571054,57074,177036,,,
571056,57074,174992,,,
571057,57074,176527,,,
571058,57074,176525,,,
571059,57074,169869,,,
571061,57074,174987,,,
571062,57074,174986,,,
571063,57074,172425,,,
571065,57074,177031,,,
571066,57074,177029,,,
571067,57074,177025,,,
571068,57074,177024,,,
571069,57074,176514,,,
571070,57074,176512,,,
571072,57074,172414,,,
571073,57074,177020,,,
571074,57074,177017,,,
571075,57074,172408,,,
571076,57074,181107,,,
571077,57074,180085,,,
571079,57074,181106,,,
571080,57074,178034,,,
571081,57074,176494,,,
571082,57074,169836,,,
571083,57074,169834,,,
571084,57074,180582,,,
571086,57074,180580,,,
571087,57074,178020,,,
571088,57074,178019,,,
571089,57074,173410,,,
571090,57074,171360,,,
571091,57074,179038,,,
571093,57074,170332,,,
571094,57074,171355,,,
571095,57074,171353,,,
571096,57074,179027,,,
571097,57074,170834,,,
571098,57074,169807,,,
571100,57074,170828,,,
571101,57074,180554,,,
571102,57074,178506,,,
571103,57074,169801,,,
571104,57074,175939,,,
571105,57074,179010,,,
571107,57074,176446,,,
571108,57074,174909,,,
571109,57074,170812,,,
571110,57074,180026,,,
571111,57074,176437,,,
571112,57074,176436,,,
571114,57074,175920,,,
571115,57074,176943,,,
571116,57074,171820,,,
571117,57074,180522,,,
571118,57074,175402,,,
571119,57074,172329,,,
571121,57074,177442,,,
571122,57074,176420,,,
571123,57074,174372,,,
571124,57074,176419,,,
571125,57074,176418,,,
571126,57074,177441,,,
571128,57074,181020,,,
571129,57074,175388,,,
571130,57074,173055,,,
571131,57074,172826,,,
571132,57074,180504,,,
571133,57074,171799,,,
571135,57074,170258,,,
571136,57074,178449,,,
571137,57074,171792,,,
571138,57074,181007,,,
571139,57074,169742,,,
571140,57074,181001,,,
571142,57074,169735,,,
571143,57074,178950,,,
571144,57074,179461,,,
571145,57074,180980,,,
571146,57074,180472,,,
571147,57074,171771,,,
571149,57074,173816,,,
571150,57074,171256,,,
571151,57074,173815,,,
571152,57074,175350,,,
571153,57074,180466,,,
571154,57074,176372,,,
571156,57074,173298,,,
571157,57074,173809,,,
571158,57074,180464,,,
571159,57074,180463,,,
571160,57074,180973,,,
571161,57074,180971,,,
571163,57074,172779,,,
571164,57074,173287,,,
571165,57074,172264,,,
571166,57074,169704,,,
571168,57074,173795,,,
571169,57074,173283,,,
571170,57074,169697,,,
571172,57074,171736,,,
571173,57074,180947,,,
571174,57074,170197,,,
571175,57074,180435,,,
571176,57074,173778,,,
571177,57074,169682,,,
571179,57074,176848,,,
571180,57074,180940,,,
571181,57074,172232,,,
571182,57074,172228,,,
571183,57074,172739,,,
571184,57074,171712,,,
571186,57074,173242,,,
571187,57074,179897,,,
571188,57074,179378,,,
571189,57074,174256,,,
571190,57074,169650,,,
571191,57074,172208,,,
571193,57074,169647,,,
571194,57074,172206,,,
571195,57074,179371,,,
571196,57074,169644,,,
571197,57074,179370,,,
571198,57074,170154,,,
571200,57074,171172,,,
571201,57074,170146,,,
571202,57074,177824,,,
571203,57074,179358,,,
571204,57074,178845,,,
571205,57074,174236,,,
571207,57074,180888,,,
571208,57074,172693,,,
571209,57074,179860,,,
571210,57074,169615,,,
571211,57074,179853,,,
571212,57074,174220,,,
571214,57074,169608,,,
571215,57074,179332,,,
571216,57074,171141,,,
571217,57074,170628,,,
571218,57074,180866,,,
571219,57074,180865,,,
571221,57074,169596,,,
571222,57074,179834,,,
571223,57074,179830,,,
571224,57074,177270,,,
571225,57074,179317,,,
571226,57074,180339,,,
571228,57074,180336,,,
571229,57074,181358,,,
571230,57074,181357,,,
571231,57074,181263,,,
571232,57074,171115,,,
571233,57074,171114,,,
571235,57074,172125,,,
571236,57074,181339,,,
571237,57074,169560,,,
571238,57074,179797,,,
571239,57074,181328,,,
571240,57074,172112,,,
571242,57074,179277,,,
571243,57074,178249,,,
571244,57074,171592,,,
571245,57074,170564,,,
571246,57074,179267,,,
571247,57074,176194,,,
571249,57074,179260,,,
571250,57074,175163,,,
571251,57074,179254,,,
571252,57074,180789,,,
571253,57074,172596,,,
571254,57074,173617,,,
571256,57074,170027,,,
571257,57074,180264,,,
571258,57074,175144,,,
571259,57074,181281,,,
571260,57074,178204,,,
571261,57074,171552,,,
571263,57074,177691,,,
571264,57074,172573,,,
571265,57074,176156,,,
571266,57074,176155,,,
571267,57074,181267,,,
571268,57074,180757,,,
571270,57074,180759,,,
571271,57074,180753,,,
571272,57074,179219,,,
571273,57074,179218,,,
571275,57074,169490,,,
571276,57074,178192,,,
571277,57074,173584,,,
571279,57074,178702,,,
571280,57074,178701,,,
571281,57074,178188,,,
571282,57074,178187,,,
571283,57074,172552,,,
571284,57074,172549,,,
571286,57074,179201,,,
571287,57048,128494,,,
571288,57048,128493,,,
571289,57048,124391,,,
571290,57048,124390,,,
571291,57048,124389,,,
571293,57048,105948,,,
571294,57048,204243,,,
571295,57048,204242,,,
571296,57048,162767,,,
571297,57048,138177,,,
571298,57048,123841,,,
571300,57048,139195,,,
571301,57048,162745,,,
571302,57048,138679,,,
571303,57048,137121,,,
571304,57048,150927,,,
571305,57048,132493,,,
571307,57048,166790,,,
571308,57048,129910,,,
571309,57048,152940,,,
571310,57048,166763,,,
571311,57048,166760,,,
571312,57048,117608,,,
571314,57048,121190,,,
571315,57048,166757,,,
571316,57048,166754,,,
571317,57048,151392,,,
571318,57048,163163,,,
571319,57048,117595,,,
571321,57048,117593,,,
571322,57048,142672,,,
571323,57048,103757,,,
571324,57048,137033,,,
571325,57048,163653,,,
571326,57048,134462,,,
571328,57048,130849,,,
571329,57048,107295,,,
571330,57048,118030,,,
571331,57048,118029,,,
571332,57048,118023,,,
571333,57048,163581,,,
571335,57048,123639,,,
571336,57048,123638,,,
571337,57048,123637,,,
571338,57048,133870,,,
571339,57048,136935,,,
571340,57048,145115,,,
571342,57048,169176,,,
571343,57048,106190,,,
571344,57048,204491,,,
571345,57048,204490,,,
571346,57048,144572,,,
571347,57048,116925,,,
571349,57048,162988,,,
571350,57048,162985,,,
571351,57048,120991,,,
571352,57048,125597,,,
571353,57048,106644,,,
571354,57048,133261,,,
571356,57048,104078,,,
571357,57048,107149,,,
571358,57048,122495,,,
571359,57048,159873,,,
571360,57048,122496,,,
571361,57048,122494,,,
571363,57048,122492,,,
571364,57048,120956,,,
571365,57048,122491,,,
571366,57048,122490,,,
571367,57048,108153,,,
571368,57048,134766,,,
571370,57048,144481,,,
571371,57048,144480,,,
571372,57048,120409,,,
571373,57048,118347,,,
571374,57048,147528,,,
571375,57048,107587,,,
571377,57048,123449,,,
571378,57048,111672,,,
571379,57048,111671,,,
571380,57048,119348,,,
571382,57048,163880,,,
571383,57048,164899,,,
571384,57048,138777,,,
571386,57048,204814,,,
571387,57048,147469,,,
571388,57048,123402,,,
571389,57048,123401,,,
571390,57048,111620,,,
571391,57069,199583,,,
571393,57118,188536,,,
571394,57118,188498,,,
571395,57118,186218,,,
571396,57118,188486,,,
571397,57104,174407,,,
571398,57104,180547,,,
571400,57104,180298,,,
571401,57086,184703,,,
571402,57086,184702,,,
571403,57086,184701,,,
571404,57064,105598,,,
571405,57064,204987,,,
571407,57064,203061,,,
571408,57064,112948,,,
571409,57064,149202,,,
571410,57064,204112,,,
571411,57064,105039,,,
571412,57064,163854,,,
571414,57064,127914,,,
571415,57064,127913,,,
571416,57064,104777,,,
571417,57064,104443,,,
571418,57064,132359,,,
571419,57064,137027,,,
571421,57094,150028,,,
571422,57107,135674,,,
571423,57107,204525,,,
571424,57107,145773,,,
571425,57107,120428,,,
571426,57107,133604,,,
571428,57107,136413,,,
571429,57107,133980,,,
571430,57107,133081,,,
571431,57107,133848,,,
571432,57107,104790,,,
571433,57107,140499,,,
571435,57107,127825,,,
571436,57107,136400,,,
571437,57107,132424,,,
571438,57107,108353,,,
571439,57107,103873,,,
571440,57107,132413,,,
571442,57107,131245,,,
571443,57107,103597,,,
571444,57107,140587,,,
571445,57107,160933,,,
571446,57107,136226,,,
571447,57107,126113,,,
571449,57107,161945,,,
571450,57107,133016,,,
571451,57107,161559,,,
571452,57107,133269,,,
571453,57107,136083,,,
571454,57107,107411,,,
571456,57107,136584,,,
571457,57107,133128,,,
571458,57107,134276,,,
571459,57107,108160,,,
571460,57084,115130,,,
571461,57084,105272,,,
571463,57084,129812,,,
571464,57084,127949,,,
571465,57084,139430,,,
571466,57076,183167,,,
571467,57076,191899,,,
571468,57076,193209,,,
571470,57076,193207,,,
571471,57076,189130,,,
571472,57076,189129,,,
571473,57076,193189,,,
571474,57076,184580,,,
571475,57076,181700,,,
571477,57076,181474,,,
571478,57076,193185,,,
571479,57045,121599,,,
571480,57045,163196,,,
571481,57045,117755,,,
571482,57045,161651,,,
571484,57045,151923,,,
571485,57045,162929,,,
571486,57045,136942,,,
571487,57045,136941,,,
571489,57045,162915,,,
571490,57045,104035,,,
571491,57045,104930,,,
571493,57045,107356,,,
571494,57045,160473,,,
571495,57045,116816,,,
571496,57045,116815,,,
571497,57045,117756,,,
571498,57045,127562,,,
571500,57045,104901,,,
571501,57045,136888,,,
571502,57045,137384,,,
571503,57045,163236,,,
571504,57045,126363,,,
571505,57045,165782,,,
571507,57045,135950,,,
571508,57045,103435,,,
571509,57045,161035,,,
571510,57045,161034,,,
571511,57089,182399,,,
571512,57089,182398,,,
571514,57089,190842,,,
571515,57089,188921,,,
571516,57089,190967,,,
571517,57089,190837,,,
571518,57089,190964,,,
571519,57089,186086,,,
571521,57089,193490,,,
571522,57089,191306,,,
571523,57089,190399,,,
571524,57089,190398,,,
571525,57089,190397,,,
571526,57089,196028,,,
571528,57089,198316,,,
571529,57089,188844,,,
571530,57089,190759,,,
571531,57089,192678,,,
571532,57089,192677,,,
571533,57089,192675,,,
571535,57089,191006,,,
571536,57089,184602,,,
571537,57089,195481,,,
571538,57089,195473,,,
571539,57089,184336,,,
571540,57089,193295,,,
571542,57089,188940,,,
571543,57089,182411,,,
571544,57089,184958,,,
571545,57089,182409,,,
571546,57089,188934,,,
571547,57089,188932,,,
571549,57089,182400,,,
571550,57093,165951,,,
571551,57093,127695,,,
571552,57093,126808,,,
571553,57108,204604,,,
571554,57124,173695,,,
571556,57124,173809,,,
571557,57124,180715,,,
571558,57124,169836,,,
571559,57124,176746,,,
571560,57124,169834,,,
571561,57124,179687,,,
571563,57124,177369,,,
571564,57124,173784,,,
571565,57124,180693,,,
571566,57124,170708,,,
571567,57124,176723,,,
571568,57124,172880,,,
571570,57124,180686,,,
571571,57124,178891,,,
571572,57124,176575,,,
571573,57124,176446,,,
571574,57124,173246,,,
571575,57124,179901,,,
571577,57124,176432,,,
571578,57124,174250,,,
571579,57124,178598,,,
571580,57124,176806,,,
571581,57124,178595,,,
571582,57124,180002,,,
571584,57124,176927,,,
571585,57124,180511,,,
571586,57124,179358,,,
571587,57124,172573,,,
571588,57124,176537,,,
571589,57124,176536,,,
571591,57124,176917,,,
571592,57124,180756,,,
571593,57124,176912,,,
571594,57124,177038,,,
571596,57124,173825,,,
571597,57124,176512,,,
571598,57083,190110,,,
571600,57083,189756,,,
571601,57083,185202,,,
571602,57081,113795,,,
571603,57081,111138,,,
571604,57078,142423,,,
571605,57078,151281,,,
571607,57078,147473,,,
571608,57078,147472,,,
571609,57078,103920,,,
571610,57078,121420,,,
571611,57078,132297,,,
571612,57078,162601,,,
571614,57078,142561,,,
571615,57060,206796,,,
571616,57075,173183,,,
571617,57075,175101,,,
571618,57075,178167,,,
571619,57075,172395,,,
571621,57075,176105,,,
571622,57075,171752,,,
571623,57075,175847,,,
571624,57075,181217,,,
571625,57075,176731,,,
571626,57075,172122,,,
571628,57075,171861,,,
571629,57075,178768,,,
571630,57075,178000,,,
571631,57075,178765,,,
571632,57075,173517,,,
571633,57075,171981,,,
571635,57075,173642,,,
571636,57075,171978,,,
571637,57075,173512,,,
571638,57075,170823,,,
571639,57075,173506,,,
571640,57075,171969,,,
571642,57075,171839,,,
571643,57075,171966,,,
571644,57075,173883,,,
571645,57075,178745,,,
571646,57075,173496,,,
571647,57075,177206,,,
571649,57075,171948,,,
571650,57075,178726,,,
571651,57075,178725,,,
571652,57075,178717,,,
571653,57075,178588,,,
571654,57075,173181,,,
571656,57075,180116,,,
571657,57075,180115,,,
571658,57075,175892,,,
571659,57075,173587,,,
571660,57075,180113,,,
571661,57075,171920,,,
571663,57075,171916,,,
571664,57075,181259,,,
571665,57075,173186,,,
571666,57075,173568,,,
571667,57047,191859,,,
571668,57047,191854,,,
571670,57047,194183,,,
571671,57047,194182,,,
571672,57047,194179,,,
571673,57111,119214,,,
571674,57111,119213,,,
571675,57111,119426,,,
571677,57122,140471,,,
571678,57122,108722,,,
571679,57122,146127,,,
571680,57122,108718,,,
571681,57122,148710,,,
571682,57122,150564,,,
571684,57068,121086,,,
571685,57068,121085,,,
571686,57068,121084,,,
571687,57068,163195,,,
571688,57068,163194,,,
571689,57068,131053,,,
571691,57068,132459,,,
571692,57068,105704,,,
571693,57068,122727,,,
571694,57068,152422,,,
571695,57068,160996,,,
571696,57068,134754,,,
571698,57068,163422,,,
571699,57068,142685,,,
571700,57068,142684,,,
571701,57068,142683,,,
571703,57068,146513,,,
571704,57068,108233,,,
571705,57068,149702,,,
571707,57068,162629,,,
571708,57068,122431,,,
571709,57068,132161,,,
571710,57068,124736,,,
571711,57068,135743,,,
571712,57068,142130,,,
571714,57068,162469,,,
571715,57068,133777,,,
571716,57068,163216,,,
571717,57068,140941,,,
571718,57068,130570,,,
571719,57068,135685,,,
571721,57068,117379,,,
571722,57068,134530,,,
571723,57068,163329,,,
571724,57106,107391,,,
571725,57106,133886,,,
571726,57106,141693,,,
571728,57106,165747,,,
571729,57106,163829,,,
571730,57106,141687,,,
571731,57106,142453,,,
571732,57106,118005,,,
571733,57106,118004,,,
571735,57106,142194,,,
571736,57106,141935,,,
571737,57106,133350,,,
571738,57106,104548,,,
571739,57106,163681,,,
571740,57106,124886,,,
571742,57106,124884,,,
571743,57106,137166,,,
571744,57106,107726,,,
571745,57106,107724,,,
571746,57106,205379,,,
571747,57106,205378,,,
571749,57106,161223,,,
571750,57106,108358,,,
571751,57106,163525,,,
571752,57106,121156,,,
571753,57106,121155,,,
571754,57106,205377,,,
571756,57106,137406,,,
571757,57106,140856,,,
571758,57106,121783,,,
571759,57106,127927,,,
571760,57106,162870,,,
571761,57106,118195,,,
571763,57106,163243,,,
571764,57106,165414,,,
571765,57106,134821,,,
571766,57106,205220,,,
571767,57106,165406,,,
571768,57106,119965,,,
571770,57106,140951,,,
571771,57106,147730,,,
571772,57106,133394,,,
571773,57106,147729,,,
571774,57106,136336,,,
571775,57106,140558,,,
571777,57106,141323,,,
571778,57106,103809,,,
571779,57120,130958,,,
571780,57120,154084,,,
571781,57120,140964,,,
571782,57169,127999,,,
571784,57169,144893,,,
571785,57169,103927,,,
571786,57169,136690,,,
571787,57169,122354,,,
571788,57169,122353,,,
571789,57169,122352,,,
571791,57169,121324,,,
571792,57169,127466,,,
571793,57169,127465,,,
571794,57169,163279,,,
571795,57169,104397,,,
571796,57169,131018,,,
571798,57169,127928,,,
571799,57169,130997,,,
571800,57169,142772,,,
571801,57169,138660,,,
571802,57169,162720,,,
571803,57169,127900,,,
571805,57169,116633,,,
571806,57169,162702,,,
571807,57169,124300,,,
571808,57169,116593,,,
571810,57169,116591,,,
571811,57169,116590,,,
571812,57169,134498,,,
571814,57169,124233,,,
571815,57169,124232,,,
571816,57169,110920,,,
571817,57169,141126,,,
571818,57169,141121,,,
571819,57169,135997,,,
571821,57169,162098,,,
571822,57169,127782,,,
571823,57169,150819,,,
571824,57169,160540,,,
571825,57169,135961,,,
571826,57169,124184,,,
571828,57169,162571,,,
571829,57169,132358,,,
571830,57169,133379,,,
571831,57169,136937,,,
571832,57169,133857,,,
571833,57169,160969,,,
571835,57169,137214,,,
571836,57169,140976,,,
571837,57169,142508,,,
571838,57169,134315,,,
571839,57169,144553,,,
571840,57169,133286,,,
571842,57169,162462,,,
571843,57169,134814,,,
571844,57169,105113,,,
571845,57169,117399,,,
571846,57169,121486,,,
571847,57169,119436,,,
571849,57169,169093,,,
571850,57169,142465,,,
571851,57169,116866,,,
571852,57169,116865,,,
571853,57169,134780,,,
571854,57169,137335,,,
571856,57169,161893,,,
571857,57169,160352,,,
571858,57169,104540,,,
571859,57169,105562,,,
571860,57169,204887,,,
571861,57169,160332,,,
571863,57169,144459,,,
571864,57169,105547,,,
571865,57169,144458,,,
571866,57169,165448,,,
571867,57169,137251,,,
571868,57169,136733,,,
571870,57169,160770,,,
571871,57184,175615,,,
571872,57184,171006,,,
571873,57184,171515,,,
571874,57184,181242,,,
571875,57184,175608,,,
571877,57184,177638,,,
571878,57184,176613,,,
571879,57184,176610,,,
571880,57184,176094,,,
571881,57184,176092,,,
571882,57184,176091,,,
571884,57184,176082,,,
571885,57184,173010,,,
571886,57184,176081,,,
571887,57184,176079,,,
571888,57184,176076,,,
571889,57184,174028,,,
571891,57184,176073,,,
571892,57184,181180,,,
571893,57184,179127,,,
571894,57184,176057,,,
571895,57184,173495,,,
571896,57184,171957,,,
571898,57184,171445,,,
571899,57184,171444,,,
571900,57184,171443,,,
571901,57184,177072,,,
571902,57184,176048,,,
571903,57184,178607,,,
571905,57184,172457,,,
571906,57184,169893,,,
571907,57184,181155,,,
571908,57184,176025,,,
571909,57184,174490,,,
571910,57184,171929,,,
571912,57184,179095,,,
571913,57184,177040,,,
571914,57184,172432,,,
571915,57184,176526,,,
571917,57184,170892,,,
571918,57184,173451,,,
571919,57184,175497,,,
571921,57184,174472,,,
571922,57184,179077,,,
571923,57184,178563,,,
571924,57184,178561,,,
571925,57184,178560,,,
571926,57184,169344,,,
571928,57184,173950,,,
571929,57184,180091,,,
571930,57184,176504,,,
571931,57184,172408,,,
571932,57184,173426,,,
571933,57184,172402,,,
571935,57184,171375,,,
571936,57184,174444,,,
571937,57184,178027,,,
571938,57184,175978,,,
571939,57184,180584,,,
571940,57184,176488,,,
571942,57184,177507,,,
571943,57184,180577,,,
571944,57184,178529,,,
571945,57184,180570,,,
571946,57184,175962,,,
571947,57184,178519,,,
571949,57184,178513,,,
571950,57184,175951,,,
571951,57184,177485,,,
571952,57184,175937,,,
571953,57184,173375,,,
571954,57184,177980,,,
571956,57184,171324,,,
571957,57184,172859,,,
571958,57184,174344,,,
571959,57184,174343,,,
571960,57184,179457,,,
571961,57184,175873,,,
571963,57184,173824,,,
571964,57184,175871,,,
571965,57184,169726,,,
571966,57184,178938,,,
571967,57184,171770,,,
571968,57184,170743,,,
571970,57184,178930,,,
571971,57184,169710,,,
571972,57184,170732,,,
571973,57184,175337,,,
571974,57184,178920,,,
571975,57184,175847,,,
571977,57184,175329,,,
571978,57184,178906,,,
571979,57184,175324,,,
571980,57184,175323,,,
571981,57184,175322,,,
571982,57184,175320,,,
571984,57184,178899,,,
571985,57184,171730,,,
571986,57184,178385,,,
571987,57184,173263,,,
571988,57184,170191,,,
571989,57184,176326,,,
571991,57184,169659,,,
571992,57184,181434,,,
571993,57184,171190,,,
571994,57184,176818,,,
571995,57184,174259,,,
571996,57184,170163,,,
571998,57184,173745,,,
571999,57184,179376,,,
572000,57184,175787,,,
572001,57184,171179,,,
572002,57184,176293,,,
572003,57184,170149,,,
572005,57184,175767,,,
572006,57184,176270,,,
572007,57184,174732,,,
572008,57184,179334,,,
572009,57184,176775,,,
572010,57184,173702,,,
572012,57184,174207,,,
572013,57184,174206,,,
572014,57184,177977,,,
572015,57184,177973,,,
572016,57184,175924,,,
572017,57184,178483,,,
572019,57184,169775,,,
572020,57184,176429,,,
572021,57184,181036,,,
572022,57184,173865,,,
572024,57184,176927,,,
572025,57184,175897,,,
572026,57184,181016,,,
572028,57184,173332,,,
572029,57184,175886,,,
572030,57184,172302,,,
572031,57184,172299,,,
572032,57184,177418,,,
572033,57184,178440,,,
572035,57184,172156,,,
572036,57184,181370,,,
572037,57184,179828,,,
572038,57184,176242,,,
572039,57184,178800,,,
572040,57184,174704,,,
572042,57184,176748,,,
572043,57184,176747,,,
572044,57184,176746,,,
572045,57184,169574,,,
572046,57184,178789,,,
572047,57184,177240,,,
572049,57184,177741,,,
572050,57184,181323,,,
572051,57184,172615,,,
572052,57184,174662,,,
572053,57184,181317,,,
572054,57184,179268,,,
572056,57184,174655,,,
572057,57184,174654,,,
572058,57184,178236,,,
572059,57184,172090,,,
572060,57184,177719,,,
572061,57184,178228,,,
572063,57184,175664,,,
572064,57184,179752,,,
572065,57184,170530,,,
572066,57184,175649,,,
572067,57184,170527,,,
572068,57184,178719,,,
572070,57184,177167,,,
572071,57184,171017,,,
572072,57184,171528,,,
572073,57184,171525,,,
572074,57184,180740,,,
572075,57184,171523,,,
572077,57127,187770,,,
572078,57127,195444,,,
572079,57127,185331,,,
572080,57127,184690,,,
572081,57127,191089,,,
572082,57127,183919,,,
572084,57127,197610,,,
572085,57127,181609,,,
572086,57127,185320,,,
572087,57127,193766,,,
572088,57127,181606,,,
572089,57127,185312,,,
572091,57127,195158,,,
572092,57127,183769,,,
572093,57127,186457,,,
572094,57127,184409,,,
572095,57127,186454,,,
572096,57127,183767,,,
572098,57127,183765,,,
572099,57127,195664,,,
572100,57127,190031,,,
572101,57127,189264,,,
572102,57127,188239,,,
572103,57127,195662,,,
572105,57127,185540,,,
572106,57127,190017,,,
572107,57127,193342,,,
572108,57127,193341,,,
572109,57127,193340,,,
572110,57127,193339,,,
572112,57127,193337,,,
572113,57127,193336,,,
572114,57127,193335,,,
572115,57127,186680,,,
572116,57127,193334,,,
572117,57127,193333,,,
572119,57127,193331,,,
572120,57127,193330,,,
572121,57127,191153,,,
572122,57127,191152,,,
572123,57127,191151,,,
572124,57127,191150,,,
572126,57127,191148,,,
572127,57127,191147,,,
572128,57127,191146,,,
572129,57127,191145,,,
572131,57127,191143,,,
572132,57127,184615,,,
572133,57127,191142,,,
572135,57127,191523,,,
572136,57127,192158,,,
572137,57127,192028,,,
572138,57127,191515,,,
572139,57127,192154,,,
572140,57127,192023,,,
572142,57127,183956,,,
572143,57127,183700,,,
572144,57127,192019,,,
572145,57127,192016,,,
572146,57127,188304,,,
572147,57127,195082,,,
572149,57127,195976,,,
572150,57127,195718,,,
572151,57127,195715,,,
572152,57127,186754,,,
572153,57127,183168,,,
572154,57139,162815,,,
572156,57139,134635,,,
572157,57139,130539,,,
572158,57139,135656,,,
572159,57139,131042,,,
572160,57139,108513,,,
572161,57139,124888,,,
572163,57139,134082,,,
572164,57139,127935,,,
572165,57139,127934,,,
572166,57139,142775,,,
572167,57139,165814,,,
572168,57139,131507,,,
572170,57139,144801,,,
572171,57139,140696,,,
572172,57139,131477,,,
572173,57139,116105,,,
572174,57139,116103,,,
572175,57139,140673,,,
572177,57139,134012,,,
572178,57139,136560,,,
572179,57139,127842,,,
572180,57139,127827,,,
572181,57139,152393,,,
572182,57139,126280,,,
572184,57139,169275,,,
572185,57139,142138,,,
572186,57139,140592,,,
572187,57139,124209,,,
572188,57139,124208,,,
572189,57139,124207,,,
572191,57139,128294,,,
572192,57139,130850,,,
572193,57139,133909,,,
572194,57139,107786,,,
572195,57139,119554,,,
572196,57139,119553,,,
572198,57139,119551,,,
572199,57139,163568,,,
572200,57139,145136,,,
572201,57139,145135,,,
572202,57139,142574,,,
572203,57139,163050,,,
572205,57139,142570,,,
572206,57139,145127,,,
572207,57139,145126,,,
572208,57139,145116,,,
572209,57139,131280,,,
572210,57139,134349,,,
572212,57139,122554,,,
572213,57139,122553,,,
572214,57139,122552,,,
572215,57139,162478,,,
572216,57139,162464,,,
572217,57139,142492,,,
572219,57139,120446,,,
572220,57139,163451,,,
572221,57139,132728,,,
572222,57139,124521,,,
572223,57139,134746,,,
572224,57139,142937,,,
572226,57139,128085,,,
572227,57139,142932,,,
572228,57139,163405,,,
572229,57139,165445,,,
572230,57139,162884,,,
572231,57139,161855,,,
572233,57139,161849,,,
572234,57139,104502,,,
572235,57139,161843,,,
572236,57139,133675,,,
572238,57139,120862,,,
572239,57139,120861,,,
572240,57139,120860,,,
572242,57139,142870,,,
572243,57139,144914,,,
572244,57139,142352,,,
572245,57139,133129,,,
572246,57198,121439,,,
572247,57198,167452,,,
572249,57198,152889,,,
572250,57198,169301,,,
572251,57198,104274,,,
572252,57198,118378,,,
572253,57198,121926,,,
572254,57167,163503,,,
572256,57167,113379,,,
572257,57167,150739,,,
572258,57171,185823,,,
572259,57171,185822,,,
572260,57171,185821,,,
572261,57171,185820,,,
572263,57171,185818,,,
572264,57171,185817,,,
572265,57171,182357,,,
572266,57171,182367,,,
572267,57150,180351,,,
572268,57150,174108,,,
572270,57150,175928,,,
572271,57150,174054,,,
572272,57150,174116,,,
572273,57132,129812,,,
572274,57132,127949,,,
572275,57132,160332,,,
572277,57132,141122,,,
572278,57132,162721,,,
572279,57153,171771,,,
572280,57153,172408,,,
572281,57153,180980,,,
572282,57153,180596,,,
572284,57153,181358,,,
572285,57153,181357,,,
572286,57153,169837,,,
572287,57153,169836,,,
572288,57153,170475,,,
572289,57153,169834,,,
572291,57153,172264,,,
572292,57153,172263,,,
572293,57153,169571,,,
572294,57153,170466,,,
572295,57153,172125,,,
572296,57153,181339,,,
572298,57153,175578,,,
572299,57153,174296,,,
572300,57153,179797,,,
572301,57153,174294,,,
572302,57153,174293,,,
572303,57153,175570,,,
572305,57153,181195,,,
572306,57153,180940,,,
572307,57153,179659,,,
572308,57153,181193,,,
572309,57153,169801,,,
572310,57153,179016,,,
572312,57153,179014,,,
572313,57153,179011,,,
572314,57153,181314,,,
572315,57153,171712,,,
572316,57153,176575,,,
572317,57153,176446,,,
572319,57153,180793,,,
572320,57153,179129,,,
572321,57153,176437,,,
572322,57153,169650,,,
572323,57153,176432,,,
572324,57153,174253,,,
572326,57153,174250,,,
572327,57153,178595,,,
572328,57153,177059,,,
572329,57153,176927,,,
572330,57153,179358,,,
572331,57153,172573,,,
572333,57153,176537,,,
572334,57153,176536,,,
572335,57153,171799,,,
572336,57153,180504,,,
572337,57153,180759,,,
572338,57153,171798,,,
572340,57153,179724,,,
572341,57153,178701,,,
572342,57153,178449,,,
572343,57153,178192,,,
572345,57153,174350,,,
572346,57153,169613,,,
572347,57153,178188,,,
572349,57153,169352,,,
572350,57153,177031,,,
572351,57153,177029,,,
572352,57153,176512,,,
572353,57143,149945,,,
572354,57143,105683,,,
572356,57143,122481,,,
572357,57143,165605,,,
572358,57143,131170,,,
572359,57143,125731,,,
572360,57143,103298,,,
572361,57144,168441,,,
572363,57144,126954,,,
572364,57144,148584,,,
572365,57144,145768,,,
572366,57144,126947,,,
572367,57144,126946,,,
572368,57144,169310,,,
572370,57144,168654,,,
572371,57144,137546,,,
572372,57144,161472,,,
572373,57144,169272,,,
572374,57144,138167,,,
572375,57144,169141,,,
572377,57144,145569,,,
572378,57144,136861,,,
572379,57144,107671,,,
572380,57144,141460,,,
572381,57144,169097,,,
572382,57144,168578,,,
572384,57145,122483,,,
572385,57145,167910,,,
572386,57145,167911,,,
572387,57145,122659,,,
572388,57180,161022,,,
572389,57180,161021,,,
572391,57180,160473,,,
572392,57180,160949,,,
572393,57180,126355,,,
572394,57180,163633,,,
572395,57180,107983,,,
572396,57180,131115,,,
572398,57180,103302,,,
572399,57180,160355,,,
572400,57180,160930,,,
572401,57180,160576,,,
572402,57157,145261,,,
572403,57157,130936,,,
572405,57157,140152,,,
572406,57199,179927,,,
572407,57199,170898,,,
572408,57199,176814,,,
572409,57199,172654,,,
572410,57199,173605,,,
572412,57199,173569,,,
572413,57199,173600,,,
572414,57161,173309,,,
572415,57161,180986,,,
572416,57161,178041,,,
572417,57161,175992,,,
572419,57161,175860,,,
572420,57161,179953,,,
572421,57161,175218,,,
572422,57161,179952,,,
572423,57161,175216,,,
572424,57161,181231,,,
572426,57161,180201,,,
572427,57161,181351,,,
572428,57161,175973,,,
572429,57161,180192,,,
572430,57161,170330,,,
572431,57161,180950,,,
572433,57161,180054,,,
572434,57161,174932,,,
572435,57161,176590,,,
572436,57161,174028,,,
572437,57161,180681,,,
572438,57161,180678,,,
572440,57161,174913,,,
572441,57161,180796,,,
572442,57161,175548,,,
572443,57161,180410,,,
572444,57161,170296,,,
572445,57161,180533,,,
572447,57161,179765,,,
572448,57161,172332,,,
572449,57161,181288,,,
572450,57161,179875,,,
572452,57161,174623,,,
572453,57161,169886,,,
572454,57161,176671,,,
572456,57161,176670,,,
572457,57161,176669,,,
572458,57161,180763,,,
572459,57161,176664,,,
572460,57161,180627,,,
572461,57161,176657,,,
572463,57161,176399,,,
572464,57161,180109,,,
572465,57161,180108,,,
572466,57161,173835,,,
572467,57161,173834,,,
572468,57161,170240,,,
572470,57183,175097,,,
572471,57183,180718,,,
572472,57183,181213,,,
572473,57183,181210,,,
572474,57183,179158,,,
572475,57183,181204,,,
572477,57183,181195,,,
572478,57183,169932,,,
572479,57183,179659,,,
572480,57183,181193,,,
572481,57183,178119,,,
572482,57183,176583,,,
572484,57183,178117,,,
572485,57183,179129,,,
572486,57183,174506,,,
572487,57183,178595,,,
572488,57183,178578,,,
572489,57183,176017,,,
572491,57183,176516,,,
572492,57183,170367,,,
572493,57183,169837,,,
572494,57183,169836,,,
572495,57183,173930,,,
572496,57183,178531,,,
572498,57183,175966,,,
572499,57183,179035,,,
572500,57183,172375,,,
572501,57183,176977,,,
572502,57183,179016,,,
572503,57183,173896,,,
572505,57183,179011,,,
572506,57183,170805,,,
572507,57183,177460,,,
572508,57183,178989,,,
572509,57183,170795,,,
572510,57183,170790,,,
572512,57183,181026,,,
572513,57183,181025,,,
572514,57183,181023,,,
572515,57183,176927,,,
572516,57183,179993,,,
572517,57183,173841,,,
572519,57183,178446,,,
572520,57183,170759,,,
572521,57183,178438,,,
572522,57183,170752,,,
572523,57183,177403,,,
572524,57183,177398,,,
572526,57183,171244,,,
572527,57183,178407,,,
572528,57183,177372,,,
572529,57183,176860,,,
572530,57183,179929,,,
572531,57183,171733,,,
572533,57183,177360,,,
572534,57183,177358,,,
572535,57183,178378,,,
572536,57183,171709,,,
572537,57183,179895,,,
572538,57183,171693,,,
572540,57183,171682,,,
572541,57183,171164,,,
572542,57183,171163,,,
572543,57183,177811,,,
572544,57183,177807,,,
572545,57183,169615,,,
572547,57183,174732,,,
572548,57183,180873,,,
572549,57183,180872,,,
572550,57183,180358,,,
572551,57183,180862,,,
572552,57183,177778,,,
572554,57183,174185,,,
572555,57183,169571,,,
572556,57183,181333,,,
572557,57183,177750,,,
572559,57183,181331,,,
572560,57183,177747,,,
572561,57183,181329,,,
572563,57183,181314,,,
572564,57183,172098,,,
572565,57183,175678,,,
572566,57183,180793,,,
572567,57183,181294,,,
572568,57183,180781,,,
572570,57183,171563,,,
572571,57183,180772,,,
572572,57183,178209,,,
572573,57183,178208,,,
572574,57183,172573,,,
572575,57183,177687,,,
572577,57183,179724,,,
572578,57183,181254,,,
572579,57183,180741,,,
572580,57197,186559,,,
572581,57197,189756,,,
572582,57197,192921,,,
572584,57197,185202,,,
572585,57197,187920,,,
572586,57197,194637,,,
572587,57197,187918,,,
572588,57197,193036,,,
572589,57197,181964,,,
572591,57197,193600,,,
572592,57197,193601,,,
572593,57197,191264,,,
572594,57135,137557,,,
572595,57130,122742,,,
572596,57130,142381,,,
572598,57130,160322,,,
572599,57130,130977,,,
572600,57140,163198,,,
572601,57140,129776,,,
572602,57140,130030,,,
572603,57140,124521,,,
572605,57140,145116,,,
572606,57140,142937,,,
572607,57140,127826,,,
572608,57140,122949,,,
572609,57140,142015,,,
572610,57140,134454,,,
572612,57140,137516,,,
572613,57140,130987,,,
572614,57140,138665,,,
572615,57140,142886,,,
572616,57140,142885,,,
572617,57140,142369,,,
572619,57140,144787,,,
572620,57140,140942,,,
572621,57140,116105,,,
572622,57140,137605,,,
572623,57155,149023,,,
572624,57155,141050,,,
572626,57155,108181,,,
572627,57155,134452,,,
572628,57155,131322,,,
572629,57155,149038,,,
572630,57155,131053,,,
572631,57155,147851,,,
572633,57155,147850,,,
572634,57155,147849,,,
572635,57155,126792,,,
572636,57155,131334,,,
572637,57155,134086,,,
572638,57155,162629,,,
572640,57155,148256,,,
572641,57178,181945,,,
572642,57178,181944,,,
572643,57178,181943,,,
572644,57178,181942,,,
572645,57178,181941,,,
572647,57178,181939,,,
572648,57178,181938,,,
572649,57178,181937,,,
572650,57178,181936,,,
572651,57178,181935,,,
572652,57178,181934,,,
572654,57178,181932,,,
572655,57178,181931,,,
572656,57178,181930,,,
572657,57178,181929,,,
572658,57178,181928,,,
572659,57178,181927,,,
572661,57178,181925,,,
572662,57178,181924,,,
572663,57178,181923,,,
572664,57178,181922,,,
572666,57147,130936,,,
572667,57147,128375,,,
572668,57147,131316,,,
572670,57147,121332,,,
572671,57147,163825,,,
572672,57147,137198,,,
572673,57147,133102,,,
572674,57147,119661,,,
572675,57147,118118,,,
572677,57147,136407,,,
572678,57147,133976,,,
572679,57147,108247,,,
572680,57147,132433,,,
572681,57147,133580,,,
572682,57147,163522,,,
572684,57147,137923,,,
572685,57147,130371,,,
572686,57147,127170,,,
572687,57147,140864,,,
572688,57147,131262,,,
572689,57147,141374,,,
572691,57147,141369,,,
572692,57147,135992,,,
572693,57147,128435,,,
572694,57147,165682,,,
572695,57147,160421,,,
572696,57147,140966,,,
572698,57147,163617,,,
572699,57147,127008,,,
572700,57147,150937,,,
572701,57147,148758,,,
572702,57147,141206,,,
572703,57147,133267,,,
572705,57147,136335,,,
572706,57147,160905,,,
572707,57147,128388,,,
572708,57187,191864,,,
572709,57187,204654,,,
572710,57187,190438,,,
572712,57187,190424,,,
572713,57187,189400,,,
572714,57187,189397,,,
572715,57187,189389,,,
572716,57187,189387,,,
572717,57187,190410,,,
572719,57187,190408,,,
572720,57187,190399,,,
572721,57187,198340,,,
572722,57187,190403,,,
572723,57187,190402,,,
572724,57187,190401,,,
572726,57187,190655,,,
572727,57187,190398,,,
572728,57187,190397,,,
572729,57187,190522,,,
572730,57187,193848,,,
572731,57187,190518,,,
572733,57187,191007,,,
572734,57187,191005,,,
572735,57187,194327,,,
572736,57187,181898,,,
572737,57187,181897,,,
572738,57187,181896,,,
572740,57187,181894,,,
572741,57195,181759,,,
572742,57195,183806,,,
572743,57195,187517,,,
572744,57195,184315,,,
572745,57195,184827,,,
572747,57195,187507,,,
572748,57195,189680,,,
572749,57195,188270,,,
572750,57195,189676,,,
572751,57195,185571,,,
572752,57195,192993,,,
572754,57195,195923,,,
572755,57195,192979,,,
572756,57195,187854,,,
572757,57195,195917,,,
572758,57195,192970,,,
572759,57195,195012,,,
572761,57195,182083,,,
572762,57195,195905,,,
572763,57195,182081,,,
572764,57195,184126,,,
572765,57195,192058,,,
572766,57195,195631,,,
572768,57195,185642,,,
572769,57195,194856,,,
572770,57195,185639,,,
572771,57195,184359,,,
572773,57195,183712,,,
572774,57195,191647,,,
572775,57195,195997,,,
572777,57195,187020,,,
572778,57195,181515,,,
572779,57195,194442,,,
572780,57195,181765,,,
572781,57195,184320,,,
572782,57137,131317,,,
572784,57137,151027,,,
572785,57137,148775,,,
572786,57137,148774,,,
572787,57170,141052,,,
572788,57170,141496,,,
572789,57170,164021,,,
572791,57170,104656,,,
572792,57170,105901,,,
572793,57170,107658,,,
572794,57170,105896,,,
572795,57170,163815,,,
572796,57170,142244,,,
572798,57170,141155,,,
572799,57170,163810,,,
572800,57148,200629,,,
572801,57148,201907,,,
572802,57148,200851,,,
572803,57148,201286,,,
572805,57131,136971,,,
572806,57131,104752,,,
572807,57174,194557,,,
572808,57174,193014,,,
572809,57174,192502,,,
572810,57174,194554,,,
572812,57174,192504,,,
572813,57174,192503,,,
572814,57174,188405,,,
572815,57174,182261,,,
572816,57174,182768,,,
572817,57174,182256,,,
572819,57174,193005,,,
572820,57174,190955,,,
572821,57174,181739,,,
572822,57174,193510,,,
572823,57174,194019,,,
572824,57174,183778,,,
572826,57174,192479,,,
572827,57174,192478,,,
572828,57174,192477,,,
572829,57174,190941,,,
572830,57174,191445,,,
572831,57174,189396,,,
572833,57174,189393,,,
572834,57174,189903,,,
572835,57174,182735,,,
572836,57174,194507,,,
572837,57174,182732,,,
572838,57174,194505,,,
572840,57174,189897,,,
572841,57174,184775,,,
572842,57174,188358,,,
572843,57174,192453,,,
572844,57174,189380,,,
572845,57174,189379,,,
572847,57174,190913,,,
572848,57174,188348,,,
572849,57174,191415,,,
572850,57174,187319,,,
572851,57174,185783,,,
572852,57174,193968,,,
572854,57174,189359,,,
572855,57174,186799,,,
572856,57174,186798,,,
572857,57174,193965,,,
572858,57174,193963,,,
572859,57174,189355,,,
572861,57174,186793,,,
572862,57174,193028,,,
572863,57174,193027,,,
572864,57174,192421,,,
572865,57174,186789,,,
572866,57174,186788,,,
572868,57174,186786,,,
572869,57174,186785,,,
572870,57174,192415,,,
572871,57174,187807,,,
572872,57174,186782,,,
572873,57174,186781,,,
572875,57174,194456,,,
572876,57174,189848,,,
572877,57174,189847,,,
572878,57174,194454,,,
572880,57174,189320,,,
572881,57174,189319,,,
572882,57174,187782,,,
572884,57174,187774,,,
572885,57174,184698,,,
572886,57174,194419,,,
572887,57174,193018,,,
572888,57174,194416,,,
572889,57174,184173,,,
572891,57174,192506,,,
572892,57174,195431,,,
572893,57174,193016,,,
572894,57174,193383,,,
572895,57174,195430,,,
572896,57174,190980,,,
572898,57174,193015,,,
572899,57174,185698,,,
572900,57174,190979,,,
572901,57174,184159,,,
572902,57174,192505,,,
572903,57174,186202,,,
572905,57174,183124,,,
572906,57174,194387,,,
572907,57174,195406,,,
572908,57174,187725,,,
572909,57174,193868,,,
572910,57174,187723,,,
572912,57174,194887,,,
572913,57174,181575,,,
572914,57174,181574,,,
572915,57174,194883,,,
572916,57174,189763,,,
572917,57174,182081,,,
572919,57174,187191,,,
572920,57174,195381,,,
572921,57174,188212,,,
572922,57174,195876,,,
572923,57174,192293,,,
572924,57174,192292,,,
572926,57174,190752,,,
572927,57174,188192,,,
572928,57174,194846,,,
572929,57174,194845,,,
572930,57174,191773,,,
572931,57174,190236,,,
572933,57174,190232,,,
572934,57174,190230,,,
572935,57174,192788,,,
572936,57174,192786,,,
572937,57174,191251,,,
572938,57174,191250,,,
572940,57174,191248,,,
572941,57174,191247,,,
572942,57174,187661,,,
572943,57174,187654,,,
572944,57174,192772,,,
572945,57174,193279,,,
572947,57174,191226,,,
572948,57174,187134,,,
572949,57174,189181,,,
572950,57174,189180,,,
572951,57174,189179,,,
572952,57174,189178,,,
572954,57174,193272,,,
572955,57174,186096,,,
572956,57174,183535,,,
572957,57174,194279,,,
572958,57174,184038,,,
572959,57174,191712,,,
572961,57174,188408,,,
572962,57174,184015,,,
572963,57174,184012,,,
572964,57174,193209,,,
572965,57174,190135,,,
572966,57174,186551,,,
572968,57174,190132,,,
572969,57174,185007,,,
572970,57174,185006,,,
572971,57174,185005,,,
572972,57174,192683,,,
572973,57174,194730,,,
572975,57174,187556,,,
572976,57174,185507,,,
572977,57174,185505,,,
572978,57174,192664,,,
572979,57174,192663,,,
572980,57174,186518,,,
572982,57174,183958,,,
572983,57174,187541,,,
572984,57174,194707,,,
572985,57174,187026,,,
572987,57174,184972,,,
572988,57174,184971,,,
572989,57174,188042,,,
572991,57174,184966,,,
572992,57174,186502,,,
572993,57174,184965,,,
572994,57174,184964,,,
572995,57174,184963,,,
572996,57174,192130,,,
572998,57174,192128,,,
572999,57174,192127,,,
573000,57174,192126,,,
573001,57174,192125,,,
573002,57174,182903,,,
573003,57174,188021,,,
573005,57174,195698,,,
573006,57174,194156,,,
573007,57174,192617,,,
573008,57174,192616,,,
573009,57174,192615,,,
573010,57174,192614,,,
573012,57174,192612,,,
573013,57174,192611,,,
573014,57174,188007,,,
573015,57174,192610,,,
573016,57174,191077,,,
573017,57174,192609,,,
573019,57174,192608,,,
573020,57174,182881,,,
573021,57174,192607,,,
573022,57174,191071,,,
573023,57174,192606,,,
573024,57174,195152,,,
573026,57174,195148,,,
573027,57174,195650,,,
573028,57174,185405,,,
573029,57174,181820,,,
573030,57174,190523,,,
573031,57174,190521,,,
573033,57174,190519,,,
573034,57174,190518,,,
573035,57174,186417,,,
573036,57174,186413,,,
573037,57174,184362,,,
573038,57174,188968,,,
573040,57174,182310,,,
573041,57174,184354,,,
573042,57174,195617,,,
573043,57174,191520,,,
573044,57174,188447,,,
573045,57174,188445,,,
573047,57174,193046,,,
573048,57174,187418,,,
573049,57174,193045,,,
573050,57174,193039,,,
573051,57174,193038,,,
573052,57174,190483,,,
573054,57174,188427,,,
573055,57174,183827,,,
573056,57174,187410,,,
573057,57174,187921,,,
573058,57174,187408,,,
573059,57174,188426,,,
573061,57174,188425,,,
573062,57174,188424,,,
573063,57174,188423,,,
573064,57174,188422,,,
573065,57174,185353,,,
573066,57174,182792,,,
573068,57174,188421,,,
573069,57174,188420,,,
573070,57174,183811,,,
573071,57174,188419,,,
573072,57174,193026,,,
573073,57191,180431,,,
573075,57191,178866,,,
573076,57191,180552,,,
573077,57142,174202,,,
573078,57142,176116,,,
573079,57142,176115,,,
573080,57142,171379,,,
573082,57142,178022,,,
573083,57142,179416,,,
573084,57142,170443,,,
573085,57142,173770,,,
573086,57142,174529,,,
573087,57142,178749,,,
573089,57142,181297,,,
573090,57142,181041,,,
573091,57142,181296,,,
573092,57142,181295,,,
573094,57142,176045,,,
573095,57142,178347,,,
573096,57142,175785,,,
573098,57142,175779,,,
573099,57142,180893,,,
573100,57142,181277,,,
573101,57142,179994,,,
573102,57142,180885,,,
573103,57142,173333,,,
573105,57142,181262,,,
573106,57142,172812,,,
573107,57142,180489,,,
573108,57142,172291,,,
573109,57142,171904,,,
573110,57162,148413,,,
573112,57162,146899,,,
573113,57162,148205,,,
573114,57162,104043,,,
573115,57162,163175,,,
573116,57162,108102,,,
573117,57162,141990,,,
573119,57162,140484,,,
573120,57162,163041,,,
573121,57128,169599,,,
573122,57128,181332,,,
573123,57128,170219,,,
573124,57128,178408,,,
573126,57128,178404,,,
573127,57128,176096,,,
573128,57190,199518,,,
573129,57190,199677,,,
573130,57190,199676,,,
573131,57190,199675,,,
573133,57152,181855,,,
573134,57152,187319,,,
573135,57152,194443,,,
573136,57152,194440,,,
573137,57152,195872,,,
573138,57159,181142,,,
573140,57159,174358,,,
573141,57159,179892,,,
573142,57159,174353,,,
573143,57159,173933,,,
573144,57159,180649,,,
573145,57159,180425,,,
573147,57159,175623,,,
573148,57159,173862,,,
573149,57159,180964,,,
573150,57159,180963,,,
573151,57159,180962,,,
573152,57151,188415,,,
573154,57151,188413,,,
573155,57151,188412,,,
573156,57151,188411,,,
573157,57151,195194,,,
573158,57151,188409,,,
573159,57151,188414,,,
573161,57151,195573,,,
573162,57151,186100,,,
573163,57151,182644,,,
573164,57151,192114,,,
573165,57151,192112,,,
573166,57151,182641,,,
573168,57151,192110,,,
573169,57151,192620,,,
573170,57151,194531,,,
573171,57151,188410,,,
573172,57151,188282,,,
573173,57151,195545,,,
573175,57151,194651,,,
573176,57151,188249,,,
573177,57151,187225,,,
573178,57151,195544,,,
573179,57151,186711,,,
573180,57151,195540,,,
573182,57151,194515,,,
573183,57151,194514,,,
573184,57151,182224,,,
573185,57151,194509,,,
573186,57151,181453,,,
573187,57151,181452,,,
573189,57151,190153,,,
573190,57151,181833,,,
573191,57151,187590,,,
573192,57151,194756,,,
573193,57151,194753,,,
573194,57151,194750,,,
573196,57151,191419,,,
573197,57151,185403,,,
573198,57151,194867,,,
573199,57151,187576,,,
573201,57151,188726,,,
573202,57151,188725,,,
573203,57151,188724,,,
573205,57151,188722,,,
573206,57151,188721,,,
573207,57151,196005,,,
573208,57151,196003,,,
573209,57151,185251,,,
573210,57151,187038,,,
573212,57151,193178,,,
573213,57151,188440,,,
573214,57151,185752,,,
573215,57151,188438,,,
573216,57151,188437,,,
573217,57151,188432,,,
573219,57151,187023,,,
573220,57151,188429,,,
573221,57151,186635,,,
573222,57151,195840,,,
573223,57151,194561,,,
573224,57151,185861,,,
573226,57151,192769,,,
573227,57151,193282,,,
573228,57151,188418,,,
573229,57151,188417,,,
573230,57151,188416,,,
573231,57156,175602,,,
573233,57156,179177,,,
573234,57156,169941,,,
573235,57156,176082,,,
573236,57156,174028,,,
573237,57156,178119,,,
573238,57156,170950,,,
573240,57156,180669,,,
573241,57156,176561,,,
573242,57156,169893,,,
573243,57156,178072,,,
573244,57156,173463,,,
573245,57156,176019,,,
573247,57156,176526,,,
573248,57156,176525,,,
573249,57156,173451,,,
573250,57156,169864,,,
573251,57156,178563,,,
573252,57156,170367,,,
573254,57156,181103,,,
573255,57156,170352,,,
573256,57156,171375,,,
573257,57156,174444,,,
573258,57156,176478,,,
573259,57156,172375,,,
573261,57156,170822,,,
573262,57156,179518,,,
573263,57156,170812,,,
573264,57156,170805,,,
573265,57156,176434,,,
573266,57156,178989,,,
573268,57156,173865,,,
573269,57156,170790,,,
573270,57156,181026,,,
573271,57156,178459,,,
573272,57156,169749,,,
573273,57156,177939,,,
573275,57156,177418,,,
573276,57156,179972,,,
573277,57156,179457,,,
573278,57156,174848,,,
573279,57156,177404,,,
573280,57156,177403,,,
573282,57156,170732,,,
573283,57156,177360,,,
573284,57156,179376,,,
573285,57156,171693,,,
573286,57156,178347,,,
573287,57156,171179,,,
573289,57156,170136,,,
573290,57156,176270,,,
573291,57156,171147,,,
573292,57156,172164,,,
573293,57156,180862,,,
573294,57156,176747,,,
573296,57156,177241,,,
573297,57156,177240,,,
573298,57156,181333,,,
573299,57156,181331,,,
573300,57156,181329,,,
573301,57156,181323,,,
573303,57156,174655,,,
573304,57156,174654,,,
573305,57156,177721,,,
573306,57156,180786,,,
573308,57156,181294,,,
573309,57156,180781,,,
573310,57156,180772,,,
573312,57156,172557,,,
573313,57156,175624,,,
573314,57156,181254,,,
573315,57156,180741,,,
573316,57138,181370,,,
573317,57138,177720,,,
573319,57138,169776,,,
573320,57138,169775,,,
573321,57138,171767,,,
573322,57138,173450,,,
573323,57138,173702,,,
573324,57138,175649,,,
573326,57173,200916,,,
573327,57173,202163,,,
573328,57172,168574,,,
573329,57172,127738,,,
573330,57172,128438,,,
573331,57172,144470,,,
573333,57172,160330,,,
573334,57172,132583,,,
573335,57172,103296,,,
573336,57166,122354,,,
573337,57166,122353,,,
573338,57166,122352,,,
573340,57166,121324,,,
573341,57166,136937,,,
573342,57166,157779,,,
573343,57166,144571,,,
573344,57166,139707,,,
573345,57166,138170,,,
573347,57166,134950,,,
573348,57166,138660,,,
573349,57166,116899,,,
573350,57166,116898,,,
573351,57166,162721,,,
573352,57166,160540,,,
573354,57166,162712,,,
573355,57166,161936,,,
573356,57166,119436,,,
573357,57166,132358,,,
573358,57166,169094,,,
573359,57166,169093,,,
573361,57133,135802,,,
573362,57133,132985,,,
573363,57133,161774,,,
573364,57133,145771,,,
573365,57133,141417,,,
573366,57133,125150,,,
573368,57133,205266,,,
573369,57133,162635,,,
573370,57133,140617,,,
573371,57133,127943,,,
573372,57133,140614,,,
573373,57133,140613,,,
573375,57133,125118,,,
573376,57133,134842,,,
573377,57133,121007,,,
573378,57133,133625,,,
573379,57133,169005,,,
573380,57133,162604,,,
573382,57133,134950,,,
573383,57133,134565,,,
573384,57133,121868,,,
573385,57133,151177,,,
573386,57133,205191,,,
573387,57158,142844,,,
573389,57158,204909,,,
573390,57158,130156,,,
573391,57158,140522,,,
573392,57158,130279,,,
573393,57158,137187,,,
573394,57158,150998,,,
573396,57158,116946,,,
573397,57158,116945,,,
573398,57158,107600,,,
573399,57158,116942,,,
573400,57158,116941,,,
573401,57158,141387,,,
573403,57158,116418,,,
573404,57158,105918,,,
573405,57158,161212,,,
573406,57158,119479,,,
573407,57158,124211,,,
573408,57158,123565,,,
573410,57158,127132,,,
573411,57158,107928,,,
573412,57158,122775,,,
573413,57158,161941,,,
573415,57158,106253,,,
573416,57158,105611,,,
573417,57158,163465,,,
573419,57158,140674,,,
573420,57158,119171,,,
573421,57158,123138,,,
573422,57189,186360,,,
573423,57189,195935,,,
573424,57189,195934,,,
573426,57189,194515,,,
573427,57189,184528,,,
573428,57189,184525,,,
573429,57189,194120,,,
573430,57189,186953,,,
573431,57189,194115,,,
573433,57189,189126,,,
573434,57189,189125,,,
573435,57189,189124,,,
573436,57189,189123,,,
573437,57189,189122,,,
573438,57189,189121,,,
573440,57189,186943,,,
573441,57189,185251,,,
573442,57189,190481,,,
573443,57189,188432,,,
573444,57189,188431,,,
573445,57189,186370,,,
573447,57176,147846,,,
573448,57176,118411,,,
573449,57176,164451,,,
573450,57176,163236,,,
573451,57255,116973,,,
573452,57267,181887,,,
573454,57267,199291,,,
573455,57267,195064,,,
573456,57267,190643,,,
573457,57267,195057,,,
573458,57267,187857,,,
573459,57267,186192,,,
573461,57267,182734,,,
573462,57267,186186,,,
573463,57267,194850,,,
573464,57267,184294,,,
573465,57267,185413,,,
573466,57267,186116,,,
573468,57267,181890,,,
573469,57267,181888,,,
573470,57208,160443,,,
573471,57208,120984,,,
573472,57208,108183,,,
573473,57208,165486,,,
573475,57208,126791,,,
573476,57208,125158,,,
573477,57208,134080,,,
573478,57208,160416,,,
573479,57208,126880,,,
573480,57225,171262,,,
573482,57225,178424,,,
573483,57220,173043,,,
573484,57220,178161,,,
573485,57220,175600,,,
573486,57220,170475,,,
573487,57220,179177,,,
573489,57220,172513,,,
573490,57220,175578,,,
573491,57220,176088,,,
573492,57220,176082,,,
573493,57220,173522,,,
573494,57220,174028,,,
573496,57220,180679,,,
573497,57220,176575,,,
573498,57220,176572,,,
573499,57220,174010,,,
573500,57220,169352,,,
573501,57220,177031,,,
573503,57220,178563,,,
573504,57220,176512,,,
573505,57220,172408,,,
573506,57220,180596,,,
573507,57220,180595,,,
573508,57220,171375,,,
573510,57220,169834,,,
573511,57220,178513,,,
573512,57220,169801,,,
573513,57220,176446,,,
573514,57220,176437,,,
573515,57220,175922,,,
573517,57220,175919,,,
573518,57220,173865,,,
573519,57220,176927,,,
573520,57220,176413,,,
718673,30845,185015,,,
718680,30845,189604,,,
718687,30845,189597,,,
718694,30845,189574,,,
718701,30845,189567,,,
718708,30845,185955,,,
718715,30845,188449,,,
718720,30845,186384,,,
718724,30845,194569,,,
718731,132363,171894,,,
718738,132363,171861,,,
718745,132363,171850,,,
718752,132363,171841,,,
718755,132363,171829,,,
718761,132363,177955,,,
718764,132363,177938,,,
718765,132363,179982,,,
718769,132363,171774,,,
718770,132363,173816,,,
718771,132363,173811,,,
718772,132363,173810,,,
718773,132363,173801,,,
718774,132363,169704,,,
718775,132363,179939,,,
718776,132363,171742,,,
718777,132363,177885,,,
718778,132363,173777,,,
718779,132363,173774,,,
718780,132363,175772,,,
718781,132363,179862,,,
718782,132363,169615,,,
718783,132363,175754,,,
718784,132363,175753,,,
718785,132363,171622,,,
718786,132363,179810,,,
718787,132363,173659,,,
718788,132363,169560,,,
718789,132363,179797,,,
718790,132363,179795,,,
718791,132363,171601,,,
718792,132363,179786,,,
718793,132363,171593,,,
718794,132363,171592,,,
718795,132363,173626,,,
718796,132363,173617,,,
718797,132363,173614,,,
718798,132363,173605,,,
718799,132363,171552,,,
718800,132363,171549,,,
718801,132363,173586,,,
718802,132363,175601,,,
718803,132363,175600,,,
718804,132363,173551,,,
718805,132363,173550,,,
718806,132363,179682,,,
718807,132363,169439,,,
718808,132363,175570,,,
718809,132363,175569,,,
718810,132363,173516,,,
718811,132363,179659,,,
718812,132363,179658,,,
718813,132363,177608,,,
718814,132363,177600,,,
718815,132363,169406,,,
718816,132363,179612,,,
718817,132363,179610,,,
718818,132363,171405,,,
718819,132363,173451,,,
718820,132363,171401,,,
718821,132363,175493,,,
718822,132363,173438,,,
718823,132363,175475,,,
718824,132363,179571,,,
718825,132363,175452,,,
718826,132363,175451,,,
718827,132363,173390,,,
718831,132363,173365,,,
718838,132363,175370,,,
718845,132363,177375,,,
573522,57220,180504,,,
573523,57220,171799,,,
573524,57220,171798,,,
573526,57220,174867,,,
573527,57220,178449,,,
573528,57220,177419,,,
573530,57220,175368,,,
573531,57220,175367,,,
573532,57220,179457,,,
573533,57220,174848,,,
573534,57220,171771,,,
573535,57220,171770,,,
573541,57220,180940,,,
573542,57220,171712,,,
573543,57220,178363,,,
573544,57220,178362,,,
718852,132363,179380,,,
718859,132363,177284,,,
718866,132363,181348,,,
718873,132363,173088,,,
718880,132363,179186,,,
718887,132363,179128,,,
718894,132363,177080,,,
718901,132363,170854,,,
718908,132363,179035,,,
718915,132363,179022,,,
718922,132363,178777,,,
718929,132363,180785,,,
718934,132363,176673,,,
718938,132363,174616,,,
718945,132363,178681,,,
718952,132363,180717,,,
718959,132363,178636,,,
718966,132363,174516,,,
718973,132363,178600,,,
718980,132363,178593,,,
718987,132363,170396,,,
718994,132363,172425,,,
719001,132363,180581,,,
719008,132363,180548,,,
719015,132363,176416,,,
719022,132363,172287,,,
719029,132363,180456,,,
719036,132363,170172,,,
719041,132363,174070,,,
719045,132363,180198,,,
719052,132363,178120,,,
719059,132363,169920,,,
719066,132363,171948,,,
719073,132363,180100,,,
719080,132363,170812,,,
719087,132363,170783,,,
719094,132363,181005,,,
719101,132363,172772,,,
719108,132363,178860,,,
719115,132363,180400,,,
719122,132363,174223,,,
719129,132363,178264,,,
719136,132363,172109,,,
719143,132363,172068,,,
719148,132363,180254,,,
719152,132363,178187,,,
719159,55257,184405,,,
719166,55257,186980,,,
719173,21646,176073,,,
719180,31170,163448,,,
719187,31170,138184,,,
719194,50298,141668,,,
719201,46467,130936,,,
719208,34116,182938,,,
719215,34116,192517,,,
719222,56947,181874,,,
719229,56947,183253,,,
719236,56947,195638,,,
719243,56947,189714,,,
719250,53395,134390,,,
719255,53395,107366,,,
719259,53395,142780,,,
719266,53395,133135,,,
719273,21670,202693,,,
719280,39899,192010,,,
719287,21748,137217,,,
719294,106333,173020,,,
719301,106333,171966,,,
719308,106333,180631,,,
719315,106333,171893,,,
719322,106333,172379,,,
719329,106333,179026,,,
719336,106333,179002,,,
719343,106333,176927,,,
719350,106333,171774,,,
719357,106333,179418,,,
719362,106333,179903,,,
719366,106333,174250,,,
719373,106333,174224,,,
719380,106333,179331,,,
719387,106333,170598,,,
719394,106333,180295,,,
719401,106333,180785,,,
719408,106333,180241,,,
719415,59582,207992,,,
719422,106384,178008,,,
719429,106384,180779,,,
719436,59606,208015,,,
719443,32048,183637,,,
719450,33481,194019,,,
719457,33481,187319,,,
719464,33481,193046,,,
719469,33481,182792,,,
719473,21883,204914,,,
719480,34213,192682,,,
719487,21801,108752,,,
719494,106587,182909,,,
719501,106587,190063,,,
719508,106587,182915,,,
719515,21944,111241,,,
719522,33730,186365,,,
719529,33730,190827,,,
719536,33730,190274,,,
719543,38529,184315,,,
719550,38529,185642,,,
719557,59572,207984,,,
719563,106711,185335,,,
719571,106711,195035,,,
719576,106711,184249,,,
719580,106711,193459,,,
719587,106711,186262,,,
719594,106711,183181,,,
719601,106711,183182,,,
719608,106711,181635,,,
719615,106711,183657,,,
719622,106711,190797,,,
719629,106711,187704,,,
719636,106711,186160,,,
719643,106711,182560,,,
719650,106711,194324,,,
719657,106711,183045,,,
719664,106711,188664,,,
719671,106711,183019,,,
719678,106711,183012,,,
719683,106711,184021,,,
719687,106711,192203,,,
719694,106711,189623,,,
719701,106711,186534,,,
719708,106711,194692,,,
719715,106711,185439,,,
719722,106711,187958,,,
719729,106711,190518,,,
719736,106711,186406,,,
719743,106711,186390,,,
719750,106711,195608,,,
719757,106711,186893,,,
719764,106711,194050,,,
719771,106751,105683,,,
719778,106751,131170,,,
719785,41239,189654,,,
719790,41239,187746,,,
719794,56861,195702,,,
719801,56861,186971,,,
719808,56861,189513,,,
719815,56861,193169,,,
719822,98084,177099,,,
719829,46186,193011,,,
719836,46186,188352,,,
719843,22083,172733,,,
719850,22083,177170,,,
719857,53700,193593,,,
719864,22109,173365,,,
719871,22112,171854,,,
719878,22115,178072,,,
719885,22117,106642,,,
719892,22121,177299,,,
719897,32763,178161,,,
719901,32763,170474,,,
719908,32763,175578,,,
719915,32763,175053,,,
719922,32763,176575,,,
719929,32763,171954,,,
719936,32763,169895,,,
719943,32763,176532,,,
719950,32763,169352,,,
719957,32763,172408,,,
719964,32763,172397,,,
719971,32763,179028,,,
719978,32763,169790,,,
719985,32763,178474,,,
719992,32763,178462,,,
719999,32763,180504,,,
720004,32763,176403,,,
720008,32763,178437,,,
720015,32763,171260,,,
720022,32763,172271,,,
720029,32763,175332,,,
720036,32763,169681,,,
720043,32763,170181,,,
720050,32763,170685,,,
720057,32763,176817,,,
720064,32763,174250,,,
720071,32763,170659,,,
720078,32763,180379,,,
720085,32763,173199,,,
720092,32763,178823,,,
720099,32763,170617,,,
720106,32763,181358,,,
720111,32763,176229,,,
720115,32763,181339,,,
720122,32763,171099,,,
720129,32763,176204,,,
720136,32763,177199,,,
720143,32763,171568,,,
720150,32763,174120,,,
720157,32763,172565,,,
720164,32763,178187,,,
720171,22124,107195,,,
720178,22124,165610,,,
720185,22125,172686,,,
720192,22125,180484,,,
720199,106981,175602,,,
720206,106981,174433,,,
720213,106981,178781,,,
720218,106981,175448,,,
720222,106981,180559,,,
720229,106981,179272,,,
720236,106981,179518,,,
720243,106981,176434,,,
720250,106981,177835,,,
720257,106981,178459,,,
720264,106981,174350,,,
720271,106981,171271,,,
720278,22127,108058,,,
720285,98102,180538,,,
720292,98102,174214,,,
720299,28932,136409,,,
720306,28932,103308,,,
720313,22149,107064,,,
720320,132890,170188,,,
720325,132890,181308,,,
720329,132890,181021,,,
720336,132890,178444,,,
720343,50394,136917,,,
720350,38140,164116,,,
720357,38140,107240,,,
720364,31739,175070,,,
720371,31739,176582,,,
720378,31739,181308,,,
720385,31739,178353,,,
720392,31739,178200,,,
720399,31739,179467,,,
720406,31739,176896,,,
720413,107077,169344,,,
720420,34498,192682,,,
720427,33990,147908,,,
720432,56774,104060,,,
720436,56774,104048,,,
720443,56774,136515,,,
720450,56774,136489,,,
720457,22267,185372,,,
720464,51357,189781,,,
720471,51357,189670,,,
720478,22282,178745,,,
720485,132414,172916,,,
720492,46992,176120,,,
720499,46992,181217,,,
720506,46992,175550,,,
720513,46992,178588,,,
720520,46992,169364,,,
720527,46992,169864,,,
720534,46992,178027,,,
720539,46992,178000,,,
720543,46992,170823,,,
720550,46992,177973,,,
720557,46992,175878,,,
720564,46992,179437,,,
720571,46992,171730,,,
720578,46992,174260,,,
720585,46992,180887,,,
720592,46992,177268,,,
720599,46992,179285,,,
720606,46992,175637,,,
720613,22321,134032,,,
720620,39265,182253,,,
720627,39790,195841,,,
720634,47896,194557,,,
720641,47896,188428,,,
720646,47896,184966,,,
720650,47896,185505,,,
720657,38484,184681,,,
720664,38484,182616,,,
720671,38484,181837,,,
720678,38484,191791,,,
720685,38484,191779,,,
720692,38484,188189,,,
720699,38484,188183,,,
720706,38484,195597,,,
720713,54293,183167,,,
720720,54293,189538,,,
720727,54293,196037,,,
720734,54293,193209,,,
720741,54293,191899,,,
720748,43094,187879,,,
720753,43094,190952,,,
720757,43094,187877,,,
720764,43094,188327,,,
720771,43094,188301,,,
720778,43094,183157,,,
720785,43094,183147,,,
720792,43094,183141,,,
720799,43094,195904,,,
720806,43094,191726,,,
720813,43094,188635,,,
720820,43094,185016,,,
720827,43094,185935,,,
720834,43094,188980,,,
720841,43094,192545,,,
720848,50611,173016,,,
720855,50611,179147,,,
720860,22416,137038,,,
720864,38057,103375,,,
720871,22452,104057,,,
720878,98153,178031,,,
720885,98153,170337,,,
720892,98153,170836,,,
720899,98153,170415,,,
720906,98153,171166,,,
720913,98153,171142,,,
720920,98153,171777,,,
720927,31684,160755,,,
720934,31684,137066,,,
720941,57268,150242,,,
720948,107551,189260,,,
720955,41396,191509,,,
720962,52810,186850,,,
720967,52810,181681,,,
720971,52810,182162,,,
720978,52810,182155,,,
720985,52810,190326,,,
720992,52810,194316,,,
720999,52810,194313,,,
721006,52810,188675,,,
721013,52810,183002,,,
721020,52810,188039,,,
721027,52810,185954,,,
721034,52810,185948,,,
721041,52810,189482,,,
721048,52810,194048,,,
721055,49883,184159,,,
721062,49883,184158,,,
721069,49883,190514,,,
721074,49883,194724,,,
721078,49883,192542,,,
721085,49883,190983,,,
721092,49883,184192,,,
721099,22529,163592,,,
721106,41002,185430,,,
721113,41002,191431,,,
721120,41002,184371,,,
721127,41002,193061,,,
721134,41002,184335,,,
721141,41002,184321,,,
721148,48259,180199,,,
721155,48259,171990,,,
721162,48259,172450,,,
721169,48259,176500,,,
721176,48259,171826,,,
721181,48259,172327,,,
721185,48259,172309,,,
721192,48259,173298,,,
721199,48259,172232,,,
721206,48259,174249,,,
721213,48259,180865,,,
721220,48259,178777,,,
721227,48259,178698,,,
721234,55485,194554,,,
721241,55485,194505,,,
721248,55485,185505,,,
721255,41340,117485,,,
721262,41340,111206,,,
721269,41340,141256,,,
721276,41340,165811,,,
721283,41340,104095,,,
721288,41340,165384,,,
721292,22574,176231,,,
721299,38770,191531,,,
721306,22640,177216,,,
721313,98217,170283,,,
721320,44238,189150,,,
721327,44238,189157,,,
721334,41741,185471,,,
721341,41741,185873,,,
721348,41741,185671,,,
721355,43454,141542,,,
721362,22760,185908,,,
721369,29091,181231,,,
721376,29091,175548,,,
721383,29091,174485,,,
721390,29091,180109,,,
721395,29091,174425,,,
721399,29091,176459,,,
721406,29091,176403,,,
721413,29091,173309,,,
721420,29091,173796,,,
721427,29091,171194,,,
721434,29091,180364,,,
721441,29091,170593,,,
721448,29091,171070,,,
721455,29091,181288,,,
721462,29091,180763,,,
721469,108507,186102,,,
721476,51815,194751,,,
721483,51815,194765,,,
721490,51815,194755,,,
721497,34061,173438,,,
721502,34061,178932,,,
721506,34061,172781,,,
721513,34061,174304,,,
721520,34061,178895,,,
721527,34061,178870,,,
721534,34061,173354,,,
721541,34061,172566,,,
721548,34061,172802,,,
721555,33836,173720,,,
721562,33836,173709,,,
721569,43833,174586,,,
721576,43833,180715,,,
721583,43833,172515,,,
721590,43833,175056,,,
721597,43833,176575,,,
721604,43833,174515,,,
721609,43833,175529,,,
721613,43833,177572,,,
721620,43833,176537,,,
721627,43833,177556,,,
721634,43833,177029,,,
721641,43833,169836,,,
721648,43833,180572,,,
721655,43833,178008,,,
721662,43833,179022,,,
721669,43833,179518,,,
721676,43833,176437,,,
721683,43833,169769,,,
721690,43833,172826,,,
721697,43833,177403,,,
721704,43833,173809,,,
721711,43833,177369,,,
721716,43833,180940,,,
721720,43833,171712,,,
721727,43833,178351,,,
721734,43833,180893,,,
721741,43833,177304,,,
721748,43833,172163,,,
721755,43833,181357,,,
721762,43833,181339,,,
721769,43833,179786,,,
721776,43833,175683,,,
721783,43833,180271,,,
721790,43833,172573,,,
721797,43833,178192,,,
721804,33193,196930,,,
721811,33148,188648,,,
721818,33148,186195,,,
721823,33148,184371,,,
721827,33148,191910,,,
721834,33148,186258,,,
721841,33148,183174,,,
721848,22825,172566,,,
721855,39431,178162,,,
721862,39431,172515,,,
721869,39431,175068,,,
721876,39431,179662,,,
721883,39431,174020,,,
721890,39431,175038,,,
721897,39431,174009,,,
721904,39431,177063,,,
721911,39431,179096,,,
721918,39431,178068,,,
721925,39431,174848,,,
721930,39431,173815,,,
721934,39431,170732,,,
721941,39431,179927,,,
721948,39431,173260,,,
721955,39431,180921,,,
721962,39431,175777,,,
721969,39431,172690,,,
721976,39431,176269,,,
721983,39431,171141,,,
721990,39431,172656,,,
721997,39431,172649,,,
722004,39431,171601,,,
722011,39431,170898,,,
722018,39431,173451,,,
722025,39431,177535,,,
722032,39431,169847,,,
722037,39431,180580,,,
722041,39431,174433,,,
722048,39431,176474,,,
722055,39431,179019,,,
722062,39431,172876,,,
722069,39431,176965,,,
722076,39431,179002,,,
722083,39431,173858,,,
722090,39431,177431,,,
722097,39431,181004,,,
722104,39431,178245,,,
722111,39431,170042,,,
722118,39431,170027,,,
722125,39431,181272,,,
722132,39431,179730,,,
722139,39431,181253,,,
722144,31031,190285,,,
722148,31031,190277,,,
722155,52331,136671,,,
722162,22896,198516,,,
722169,53523,204538,,,
722176,59934,208314,,,
722183,22990,172622,,,
722190,57658,206760,,,
722197,23028,137167,,,
722204,47200,176882,,,
722211,47200,181219,,,
722218,47200,176610,,,
722225,47200,176595,,,
722232,47200,181047,,,
722239,47200,173862,,,
722246,47200,176283,,,
722251,47200,174353,,,
722255,47200,175873,,,
722262,23085,171274,,,
722269,22964,146021,,,
722276,52557,183666,,,
722283,52557,188380,,,
722290,52557,190287,,,
722297,52557,187325,,,
722304,52557,183967,,,
722311,52557,184721,,,
722318,52557,183439,,,
722325,52557,184712,,,
722332,54785,137772,,,
722339,33860,199675,,,
722346,33860,199659,,,
722353,23109,130609,,,
722358,23109,136840,,,
722362,23125,130785,,,
722369,52081,177400,,,
722376,52081,179674,,,
722383,52081,173784,,,
722390,52081,172482,,,
722397,52081,178998,,,
722404,52081,176927,,,
722411,52081,179593,,,
722418,29483,175733,,,
722425,29483,174930,,,
722432,29483,176305,,,
722439,29483,169762,,,
722446,29483,175370,,,
722453,23160,178700,,,
722460,23168,179599,,,
722465,41486,165479,,,
722469,41486,128214,,,
722476,41486,161075,,,
722483,41486,141839,,,
722490,41486,126979,,,
722497,31356,184179,,,
722504,31356,184167,,,
722511,31356,184158,,,
722518,31356,186836,,,
722525,31356,190151,,,
722532,31356,190146,,,
722539,31356,190137,,,
722546,31356,194849,,,
722553,31356,191000,,,
722560,31356,190995,,,
722567,31356,190988,,,
722572,31356,190983,,,
722576,33306,152092,,,
722583,52963,178419,,,
722590,52963,176610,,,
722597,52963,173004,,,
722604,52963,173979,,,
722611,23221,187814,,,
722618,110275,146160,,,
722625,23228,128387,,,
722632,110305,211211,,,
722639,110548,117457,,,
722646,110548,133704,,,
722653,52656,106876,,,
722660,52656,120305,,,
722667,52656,126057,,,
722674,52656,106844,,,
722679,52656,163659,,,
722683,52656,107205,,,
722690,52656,149178,,,
722697,52656,128431,,,
722704,52656,134819,,,
722711,52656,130459,,,
722718,52656,137876,,,
722725,52656,103309,,,
722732,52656,106753,,,
722739,30406,192866,,,
722746,51591,141228,,,
722753,51591,128352,,,
722760,23387,178625,,,
722767,23402,170450,,,
722774,31377,193522,,,
722781,31377,185068,,,
722786,31377,183015,,,
722790,31377,183011,,,
722797,31377,186703,,,
722804,31377,182594,,,
722811,31377,188669,,,
722818,31377,182582,,,
722825,31377,187815,,,
722832,31377,193172,,,
722839,31377,193169,,,
722846,31377,187789,,,
722853,31377,189697,,,
722860,40224,189051,,,
722867,40224,183268,,,
722874,40224,189000,,,
722881,40224,187315,,,
722888,40224,187291,,,
722893,40224,187285,,,
722897,40224,190985,,,
722904,57743,201610,,,
722911,98604,191123,,,
722918,23514,187027,,,
722925,54091,195173,,,
722932,50703,195001,,,
722939,50703,194059,,,
722946,50703,184320,,,
722953,54993,105529,,,
722960,35164,187246,,,
722967,31282,189049,,,
722974,31282,184167,,,
722981,31282,190389,,,
722988,31282,192030,,,
722995,31282,186759,,,
723000,32506,142843,,,
723004,32506,127086,,,
723011,32506,106979,,,
723018,32506,104401,,,
723025,32506,104393,,,
723032,32506,142525,,,
723039,32506,117558,,,
723046,32506,127526,,,
723053,32506,167194,,,
723060,32506,136340,,,
723067,32506,116749,,,
723074,32506,160646,,,
723081,50129,197490,,,
723088,38617,164012,,,
723095,111954,169581,,,
723102,23753,148574,,,
723107,51043,185980,,,
723111,51043,188275,,,
723118,51043,197840,,,
723125,51043,188982,,,
723132,51043,181929,,,
723139,51043,186398,,,
723146,51043,195738,,,
723153,51043,185360,,,
723160,60178,208536,,,
723167,45302,189336,,,
723174,29274,144462,,,
723181,60120,208479,,,
723188,47721,194930,,,
723195,47721,189408,,,
723202,47721,193225,,,
723209,47721,186537,,,
723214,46246,196846,,,
723218,44782,130936,,,
723225,44782,149482,,,
723232,44782,149326,,,
723239,44782,127170,,,
723246,44782,206394,,,
723253,44782,162721,,,
723260,60264,208611,,,
723267,31535,183777,,,
723274,31535,183751,,,
723281,31535,185253,,,
723288,31535,183141,,,
723295,31535,185639,,,
723302,31535,184547,,,
723309,31535,191684,,,
723316,31535,186533,,,
723321,31535,181896,,,
723325,31535,195694,,,
723332,31535,184900,,,
723339,31535,192563,,,
723346,31535,192547,,,
723353,31535,192538,,,
723360,23848,165049,,,
723367,23854,120838,,,
723374,23855,204329,,,
723381,132508,180889,,,
723388,112620,186987,,,
723395,112620,187480,,,
723402,112620,181950,,,
723409,112620,188475,,,
723416,112620,193196,,,
723423,60261,208609,,,
723428,31134,129805,,,
723432,60318,208661,,,
723439,23900,165754,,,
723446,23905,186144,,,
723453,51003,189200,,,
723460,52765,188921,,,
723467,52765,191968,,,
723474,52765,192949,,,
723481,52765,192290,,,
723488,52765,192283,,,
723495,52765,188938,,,
723502,29865,178588,,,
723509,29865,173506,,,
723516,43301,196005,,,
723523,30096,130337,,,
723530,60265,208612,,,
723535,28711,195061,,,
723539,28711,195358,,,
723546,28711,184808,,,
723553,28711,191684,,,
723560,28711,183747,,,
723567,28711,190009,,,
723574,28711,186034,,,
723581,28711,194976,,,
723588,28711,190496,,,
723595,28711,192410,,,
723602,28711,191748,,,
723609,28583,108068,,,
723616,48535,192459,,,
723623,34864,192849,,,
723630,34864,190906,,,
723637,34864,192033,,,
723642,34864,182546,,,
723646,34864,190854,,,
723653,52529,182648,,,
723660,32085,199686,,,
723667,34927,171887,,,
723674,34927,181086,,,
723681,34927,180311,,,
723688,34927,180686,,,
723695,34927,179272,,,
723702,34927,179129,,,
723709,34927,170027,,,
723716,34927,180504,,,
723723,34927,175625,,,
723730,41775,191968,,,
723737,41775,191906,,,
723744,41775,186199,,,
723749,41775,185659,,,
723753,41775,192299,,,
723760,41775,192290,,,
723767,41775,193796,,,
723774,41775,193790,,,
723781,41775,193783,,,
723788,41775,193776,,,
723795,41775,194270,,,
723802,41775,193707,,,
723809,41775,194692,,,
723816,41775,183869,,,
723823,41775,190516,,,
723830,41775,192542,,,
723837,52214,175612,,,
723844,52214,170339,,,
723851,52214,176951,,,
723856,52214,170283,,,
723860,52214,180767,,,
723867,36292,189951,,,
723874,36292,181470,,,
723881,36292,192843,,,
723888,36292,192952,,,
723895,36292,183224,,,
723902,36292,187058,,,
723909,36292,187657,,,
723916,39946,190397,,,
723923,39946,204654,,,
723930,39946,181894,,,
723937,28517,194164,,,
723944,28517,183253,,,
723951,28517,193969,,,
723958,57863,195172,,,
723963,36538,191441,,,
723967,36538,191332,,,
723974,29736,183891,,,
723981,29736,195129,,,
723988,29736,195735,,,
723995,29736,182922,,,
724002,45456,184980,,,
724009,45456,184807,,,
724016,24072,187720,,,
724023,50252,182878,,,
724030,50252,194637,,,
724037,50252,192287,,,
724044,50252,194321,,,
724051,50252,182919,,,
724058,35580,182899,,,
724065,35580,194256,,,
724070,35580,192287,,,
724074,35580,187541,,,
724081,35580,183691,,,
724088,35580,188930,,,
724095,44311,104772,,,
724102,47281,195581,,,
724109,47281,186100,,,
724116,36719,187517,,,
724123,36719,193164,,,
724130,29581,187674,,,
724137,29581,187247,,,
724144,29581,192295,,,
724151,34082,137716,,,
724158,42028,199740,,,
724165,42028,200992,,,
724172,55532,201460,,,
724177,24134,185683,,,
724181,55698,188669,,,
724188,55698,195692,,,
724195,55698,182491,,,
724202,55698,191687,,,
724209,55698,189251,,,
724216,55698,187815,,,
724223,55698,185369,,,
724230,55698,193425,,,
724237,55698,181893,,,
724244,42797,175865,,,
724251,42797,175194,,,
724258,42797,178385,,,
724265,42797,173770,,,
724272,42797,178995,,,
724279,42797,181164,,,
724284,42797,170403,,,
724288,42797,176280,,,
724295,42797,176012,,,
724302,24167,170398,,,
724309,24167,180899,,,
724316,46635,144627,,,
724323,46635,125453,,,
724330,49041,171886,,,
724337,49041,179786,,,
724344,49041,173770,,,
724351,49041,181178,,,
724358,49041,169384,,,
724365,49041,170135,,,
724372,49041,176010,,,
724379,36423,194812,,,
724386,36423,189418,,,
724391,36423,184283,,,
724395,36423,191566,,,
724402,36423,183243,,,
724409,36423,182337,,,
724416,36423,190522,,,
724423,36423,188722,,,
724430,36423,188968,,,
724437,36423,192417,,,
724444,36423,194442,,,
724451,57515,206831,,,
724458,46183,188380,,,
724465,46183,188370,,,
724472,46183,188353,,,
724479,46183,187817,,,
724486,46183,187802,,,
724493,46183,187795,,,
724498,46183,187791,,,
724502,46183,187787,,,
724509,46183,183666,,,
724516,46183,190237,,,
724523,46183,183967,,,
724530,46183,192131,,,
724537,46183,190515,,,
724544,46183,192001,,,
724551,55428,181096,,,
724558,55428,178015,,,
724565,55428,176442,,,
724572,55428,169363,,,
724579,43057,130907,,,
724586,43057,106024,,,
724593,54482,183806,,,
724600,54482,183799,,,
724605,54482,183794,,,
724609,54482,183790,,,
724616,54482,183238,,,
724623,54482,186791,,,
724630,54482,190486,,,
724637,54482,183813,,,
724644,99013,185608,,,
724651,24254,192410,,,
724658,49168,192638,,,
724665,35103,178044,,,
724672,35103,179268,,,
724679,35103,171700,,,
724686,35103,177946,,,
724693,37699,187546,,,
724700,24315,176603,,,
724707,24315,172269,,,
724712,24315,172262,,,
724716,47401,149136,,,
724723,24342,130056,,,
724730,49647,199887,,,
724737,49647,199880,,,
724744,56312,183482,,,
724751,54982,191921,,,
724758,54982,188613,,,
724765,56183,142655,,,
724772,24360,180489,,,
724779,58358,192028,,,
724786,58358,186760,,,
724793,60365,208707,,,
724800,38296,191864,,,
724807,38296,193003,,,
724814,38296,190424,,,
724819,38296,190026,,,
724823,38296,190020,,,
724830,38296,190009,,,
724837,38296,194984,,,
724844,38296,191263,,,
724851,38296,195606,,,
724858,50450,106302,,,
724865,29198,186866,,,
724872,29198,186855,,,
724879,29198,190409,,,
724886,29198,187442,,,
724893,29198,194313,,,
724900,46361,127229,,,
724907,46361,163952,,,
724914,46361,105054,,,
724921,46361,138194,,,
724926,46361,138060,,,
724930,46361,105918,,,
724937,46361,104625,,,
724944,46361,149916,,,
724951,46361,137873,,,
724958,46361,125828,,,
724965,58261,190352,,,
724972,34691,186402,,,
724979,43743,189357,,,
724986,43991,163446,,,
724993,43991,129761,,,
725000,43991,144849,,,
725007,43991,104132,,,
725014,43991,104117,,,
725021,43991,164516,,,
725028,43991,138267,,,
725033,43991,162956,,,
725037,39758,183550,,,
725044,39758,189172,,,
725051,39758,188758,,,
725058,39758,193608,,,
725065,39758,185403,,,
725072,39758,194314,,,
725079,30398,195513,,,
725086,30398,188875,,,
725093,30398,185248,,,
725100,24537,124658,,,
725107,24544,172909,,,
725114,49982,134624,,,
725121,49679,142966,,,
725128,49679,107616,,,
725135,49679,129487,,,
725140,49679,116942,,,
725144,49679,144458,,,
725151,49679,141121,,,
725158,49679,147769,,,
725165,49679,118703,,,
725172,49679,105113,,,
725179,49679,162572,,,
725186,49242,127355,,,
725193,49242,206480,,,
725200,49242,141668,,,
725207,35456,133365,,,
725214,35456,105860,,,
725221,38816,138071,,,
725228,38816,161126,,,
725235,38816,104032,,,
725242,32593,187080,,,
725247,32593,187073,,,
725251,60551,208870,,,
725258,24690,149515,,,
725265,47812,190458,,,
725272,47812,187379,,,
725279,47812,195050,,,
725286,47812,195037,,,
725293,47812,185811,,,
725300,47812,188347,,,
725307,47812,190897,,,
725314,47812,189346,,,
725321,47812,190854,,,
725328,47812,183128,,,
725335,47812,192839,,,
725342,47812,193344,,,
725349,47812,187701,,,
725354,47812,192813,,,
725358,47812,190738,,,
725365,47812,189190,,,
725372,47812,188157,,,
725379,47812,188128,,,
725386,47812,190675,,,
725393,47812,188102,,,
725400,47812,186552,,,
725407,47812,182953,,,
725414,47812,191137,,,
725421,47812,182408,,,
725428,47812,194662,,,
725435,47812,191042,,,
725442,47812,185370,,,
725449,47812,194050,,,
725456,57146,200433,,,
725461,57146,199946,,,
725465,30883,121022,,,
725472,30883,168517,,,
725479,52586,189607,,,
725486,132552,179354,,,
725493,60671,208980,,,
725500,45504,169395,,,
725514,50718,173043,,,
725521,50718,170474,,,
725528,50718,177608,,,
725535,50718,180147,,,
725542,50718,179625,,,
725549,50718,172443,,,
725556,50718,170888,,,
725563,50718,171780,,,
725568,50718,171268,,,
725572,50718,173811,,,
725579,50718,172768,,,
725586,50718,175307,,,
725593,50718,179391,,,
725600,50718,179898,,,
725607,50718,173231,,,
725614,50718,172704,,,
725621,50718,173199,,,
725628,50718,180350,,,
725635,50718,178794,,,
725642,50718,176503,,,
725649,50718,171857,,,
725656,50718,176446,,,
725663,50718,178474,,,
725670,50718,170781,,,
725675,50718,171798,,,
725679,50718,170766,,,
725686,50718,173659,,,
725693,50718,170561,,,
725700,50718,178229,,,
725707,50718,176165,,,
725714,50718,178717,,,
725721,50718,178187,,,
725728,58170,197497,,,
725735,60840,209130,,,
725742,60850,209140,,,
725749,34614,197623,,,
725756,37080,189305,,,
725763,37080,190274,,,
725770,37080,189740,,,
725777,40609,190047,,,
725782,40609,197131,,,
725786,40609,190053,,,
725793,53612,183609,,,
725800,53612,183662,,,
725807,53612,182914,,,
725814,60818,209109,,,
725821,30526,179659,,,
725828,30526,169402,,,
725835,30526,177069,,,
725842,30526,177176,,,
725849,30526,169607,,,
725856,132583,179198,,,
725863,132583,173032,,,
725870,132583,179669,,,
725877,132583,172989,,,
725884,132583,176546,,,
725889,132583,170380,,,
725893,132583,170377,,,
725900,132583,181097,,,
725907,132583,169808,,,
725914,132583,178998,,,
725921,132583,178460,,,
725928,132583,173836,,,
725935,132583,177400,,,
725942,132583,173795,,,
725949,132583,179418,,,
725956,132583,180429,,,
725963,132583,172714,,,
725970,132583,169584,,,
725977,132583,180822,,,
725984,132583,172577,,,
725991,25171,121647,,,
725996,25174,144435,,,
726000,25175,121693,,,
726007,53986,190301,,,
726014,25177,137684,,,
726021,25178,176479,,,
726028,25178,169871,,,
726035,25180,187430,,,
726042,99487,139480,,,
726049,99487,152393,,,
726056,25188,161298,,,
726063,25187,177279,,,
726070,25189,175438,,,
726077,50634,186260,,,
726084,25194,115604,,,
726091,118086,191892,,,
726098,118086,192683,,,
726103,118086,185413,,,
726107,54044,183348,,,
726114,61001,209278,,,
726121,45795,189296,,,
726128,45795,190274,,,
726135,42598,193581,,,
726142,61067,209337,,,
726149,118707,169341,,,
726156,118707,180715,,,
726163,118707,180693,,,
726170,118707,176575,,,
726177,118707,174250,,,
726184,118707,176927,,,
726191,118707,180504,,,
726198,118707,176512,,,
726210,43932,193114,,,
726214,43932,187248,,,
726221,43932,192295,,,
726228,42958,148069,,,
726235,42958,133819,,,
726242,42958,103332,,,
726249,42958,126727,,,
726256,45570,201419,,,
726263,49900,173038,,,
726270,49900,173013,,,
726277,49900,178103,,,
726284,49900,175514,,,
726291,49900,174986,,,
726298,49900,173410,,,
726305,49900,175940,,,
726312,49900,178995,,,
726317,49900,181018,,,
726321,49900,178453,,,
726328,49900,180489,,,
726335,49900,174317,,,
726342,49900,175790,,,
726349,49900,172677,,,
726356,49900,171124,,,
726363,49900,175187,,,
726370,49900,171072,,,
726377,49900,180268,,,
726384,49900,174090,,,
726391,119093,173156,,,
726398,48854,191507,,,
726405,48854,190595,,,
726412,99643,181363,,,
726419,99643,179789,,,
726424,99643,178750,,,
726428,99643,180792,,,
726435,99643,180129,,,
726442,99643,177675,,,
726449,55758,162490,,,
726456,55758,162202,,,
726463,55758,134787,,,
726470,50937,181566,,,
726477,50937,190622,,,
726484,50937,194321,,,
726491,50937,185859,,,
726498,45663,179959,,,
726505,45663,177062,,,
726512,119272,172931,,,
726519,119272,172408,,,
726526,119272,180584,,,
726531,119272,169804,,,
726535,119272,180548,,,
726542,119272,180532,,,
726549,119272,176417,,,
726556,119272,175386,,,
726563,119272,178449,,,
726570,119272,170760,,,
726577,119272,171259,,,
726584,119272,172263,,,
726591,119272,176341,,,
726598,119272,170179,,,
726605,119272,173232,,,
726612,119272,169650,,,
726619,119272,180374,,,
726626,119272,179318,,,
726633,119272,178287,,,
726638,119272,176232,,,
726642,119272,172125,,,
726649,119272,169458,,,
726656,119272,176105,,,
726663,119272,169439,,,
726670,119272,176075,,,
726677,119272,178626,,,
726684,119272,175027,,,
726691,119272,174499,,,
726698,119272,176537,,,
726705,119272,169352,,,
726712,119272,172610,,,
726719,119272,169525,,,
726726,119272,176165,,,
726733,119272,178711,,,
726740,119272,177675,,,
726745,119272,171528,,,
726749,36775,179709,,,
726756,36775,180460,,,
726763,36775,180448,,,
726770,46394,179182,,,
726777,46394,180198,,,
726784,46394,181210,,,
726791,46394,174524,,,
726798,46394,170402,,,
726805,46394,178578,,,
726812,46394,176516,,,
726819,46394,181108,,,
726826,46394,171881,,,
726833,46394,170847,,,
726840,46394,171857,,,
726847,46394,172356,,,
726852,46394,172339,,,
726856,46394,172337,,,
726863,46394,181023,,,
726870,46394,177430,,,
726877,46394,180490,,,
726884,46394,175870,,,
726891,46394,172781,,,
726898,46394,178407,,,
726905,46394,171227,,,
726912,46394,179895,,,
726919,46394,180386,,,
726926,46394,172683,,,
726933,46394,180858,,,
726940,46394,174185,,,
726947,46394,171105,,,
726954,46394,178777,,,
726959,46394,177749,,,
726963,46394,177744,,,
726970,46394,180295,,,
726977,46394,171563,,,
726984,46394,178199,,,
726991,46394,179205,,,
726998,28318,189756,,,
727005,28318,193333,,,
727012,28318,186376,,,
727026,34466,191246,,,
727033,34466,189408,,,
727040,25570,118347,,,
727047,61244,209485,,,
727054,28449,118871,,,
727061,28449,118858,,,
727066,36745,190942,,,
727070,36745,195697,,,
727077,36745,191374,,,
727084,36745,189320,,,
727091,38905,173043,,,
727098,38905,173927,,,
727105,38905,181260,,,
727112,38905,179797,,,
727119,38905,169801,,,
727126,38905,171324,,,
727133,38905,172714,,,
727140,38905,176537,,,
727147,38905,171798,,,
727154,38905,178701,,,
727161,38905,169352,,,
727168,28388,147562,,,
727184,58280,206678,,,
727191,30262,196110,,,
727198,30262,185573,,,
727205,39601,166750,,,
727212,39601,163279,,,
727219,39601,127300,,,
727226,48038,185460,,,
727233,37122,184995,,,
727240,42303,109697,,,
727247,34988,176617,,,
727254,49351,172525,,,
727261,49351,181086,,,
727268,49351,171861,,,
727275,49351,179786,,,
727280,49351,171966,,,
727284,49351,179129,,,
727291,49351,178459,,,
727298,49351,169349,,,
727305,100163,130813,,,
727312,100163,169077,,,
727319,100163,119661,,,
727326,100163,109528,,,
727333,100163,152393,,,
727340,100163,108737,,,
727347,100163,144440,,,
727354,100163,106532,,,
727361,100163,148753,,,
727368,100163,149507,,,
727375,33699,188637,,,
727382,33699,188867,,,
727387,33699,194608,,,
727391,33699,192010,,,
727398,61441,209656,,,
727405,47319,177329,,,
727412,37216,174713,,,
727419,37216,180447,,,
727426,37216,181195,,,
727433,37216,181314,,,
727440,37216,180536,,,
727447,37216,173990,,,
727454,37216,179866,,,
727461,37216,176015,,,
727468,37216,179843,,,
727475,52459,177396,,,
727482,39018,191932,,,
727489,39018,181474,,,
727494,34742,121902,,,
727498,61452,209666,,,
727505,51906,192909,,,
727512,51414,190051,,,
727519,51414,187468,,,
727526,51414,185022,,,
727533,51414,188570,,,
727540,37511,188386,,,
727547,37511,189653,,,
727554,37511,187961,,,
727561,37511,194593,,,
727568,36839,191834,,,
727575,36839,194593,,,
727582,51147,173023,,,
727589,51147,177090,,,
727596,51147,179129,,,
727601,51147,179114,,,
727605,51147,172451,,,
727612,51147,172436,,,
727619,51147,180613,,,
727626,51147,175485,,,
727633,51147,181085,,,
727640,51147,178008,,,
727647,51147,173394,,,
727654,51147,172355,,,
727661,51147,179002,,,
727668,51147,178469,,,
727675,51147,180507,,,
727682,51147,177421,,,
727689,51147,180988,,,
727696,51147,177891,,,
727703,51147,172245,,,
727708,51147,177860,,,
727712,51147,179901,,,
727719,51147,181417,,,
727726,51147,172703,,,
727733,51147,180876,,,
727740,51147,171147,,,
727747,51147,177279,,,
727754,51147,175607,,,
727761,51147,180709,,,
727768,51147,180328,,,
727775,51147,170065,,,
727782,51147,171593,,,
727789,51147,170561,,,
727796,51147,173600,,,
727803,51147,175106,,,
727810,46563,193235,,,
727815,46563,194229,,,
727819,46563,183846,,,
727826,55665,187775,,,
727833,55665,184935,,,
727840,55665,189656,,,
727847,55665,192970,,,
727854,55665,189251,,,
727861,55665,192786,,,
727868,55665,194565,,,
727875,121274,170358,,,
727882,121274,170280,,,
727889,46520,194671,,,
727896,46520,189272,,,
727903,46520,190132,,,
727910,46520,182937,,,
727917,25911,136888,,,
727922,46678,172681,,,
727926,46678,173828,,,
727933,31456,190688,,,
727940,31456,182463,,,
727947,31456,191899,,,
727954,31456,189696,,,
727961,30407,191597,,,
727968,30407,185662,,,
727975,30407,191910,,,
727982,30407,190983,,,
727989,50335,133877,,,
727996,50335,127083,,,
728003,50335,141904,,,
728010,50335,127175,,,
728017,50335,130745,,,
728024,50335,127023,,,
728029,50335,140713,,,
728033,50335,105755,,,
728040,50335,130577,,,
728047,50335,104966,,,
728054,25950,178333,,,
728061,41945,178684,,,
728068,41945,180198,,,
728075,41945,181207,,,
728082,41945,169922,,,
728089,41945,169385,,,
728096,41945,178054,,,
728103,41945,174440,,,
728110,41945,169825,,,
728117,41945,170835,,,
728124,41945,179008,,,
728131,41945,176943,,,
728136,41945,177447,,,
728140,41945,181020,,,
728147,41945,178949,,,
728154,41945,172276,,,
728161,41945,172262,,,
728168,41945,175795,,,
728175,41945,174249,,,
728182,41945,179853,,,
728189,41945,176754,,,
728196,41945,178777,,,
728203,41945,172109,,,
728210,41945,181272,,,
728217,41945,172545,,,
728224,44951,180980,,,
728231,44951,169834,,,
728238,44951,172125,,,
728243,44951,173270,,,
728247,44951,179659,,,
728254,44951,178375,,,
728261,44951,176572,,,
728268,44951,180527,,,
728275,44951,181417,,,
728282,44951,176927,,,
728289,44951,180759,,,
728296,44951,178188,,,
728303,57012,117402,,,
728310,57012,137611,,,
728317,61453,209667,,,
728324,41898,181812,,,
728331,41898,181805,,,
728338,41898,181798,,,
728345,41898,181792,,,
728350,41898,181787,,,
728354,41898,181783,,,
728361,61508,209715,,,
728368,48736,185009,,,
728375,61527,209732,,,
728382,61593,209793,,,
728384,40909,119350,,,
728396,26025,127509,,,
728403,54866,163573,,,
728410,54866,123626,,,
728417,54866,119522,,,
728424,54866,128085,,,
728431,54866,123325,,,
728438,54866,131507,,,
728445,54866,134823,,,
728452,54866,142492,,,
728457,54866,204810,,,
728461,54866,163203,,,
728468,30586,130360,,,
728475,39920,195877,,,
728482,61686,209871,,,
728489,36425,106742,,,
728496,36425,119147,,,
728503,36425,141283,,,
728510,36425,142685,,,
728517,36425,108233,,,
728524,36425,122431,,,
728531,36425,107433,,,
728538,36425,136725,,,
728545,36425,134530,,,
728552,32698,192058,,,
728559,32698,195631,,,
728564,32698,195012,,,
728568,57265,182238,,,
728575,39490,190586,,,
728582,48159,187379,,,
728589,48159,188888,,,
728596,48159,182730,,,
728603,48159,187813,,,
728610,48159,187783,,,
728617,48159,195962,,,
728624,48159,187761,,,
728631,48159,192341,,,
728638,48159,183110,,,
728645,48159,183106,,,
728652,48159,183100,,,
728659,48159,183093,,,
728666,48159,192293,,,
728671,48159,185111,,,
728675,48159,183048,,,
728682,48159,183547,,,
728689,48159,192732,,,
728696,48159,192194,,,
728703,48159,194698,,,
728710,48159,184935,,,
728717,48159,183862,,,
728724,48159,190510,,,
728731,48159,190504,,,
728738,48159,196125,,,
728745,48159,187922,,,
728752,48827,190966,,,
728759,48827,190412,,,
728766,48827,188995,,,
728773,37276,172402,,,
728778,37276,176488,,,
728782,37276,175608,,,
728789,37276,172293,,,
728796,30167,191928,,,
728803,30167,193323,,,
728810,54995,199027,,,
728817,53052,179182,,,
728824,53052,180218,,,
728831,53052,172474,,,
728838,53052,169890,,,
728845,53052,172939,,,
728852,53052,178039,,,
728859,53052,171881,,,
728866,53052,171857,,,
728873,53052,172339,,,
728880,53052,177447,,,
728885,53052,170767,,,
728889,53052,173314,,,
728896,53052,172277,,,
728903,53052,172268,,,
728910,53052,179924,,,
728917,53052,176817,,,
728924,53052,175767,,,
728931,53052,175735,,,
728938,53052,170597,,,
728945,53052,172125,,,
728952,53052,180300,,,
728959,53052,180295,,,
728966,53052,179753,,,
728973,53052,180241,,,
728980,53052,172547,,,
728987,48957,174577,,,
728992,48957,180689,,,
728996,48957,180149,,,
729003,48957,172443,,,
729010,48957,170890,,,
729017,48957,178041,,,
729024,48957,169804,,,
729031,48957,177446,,,
729038,48957,170780,,,
729045,48957,181004,,,
729052,48957,171742,,,
729059,48957,173238,,,
729066,48957,174731,,,
729073,48957,172607,,,
729080,48957,176181,,,
729087,61638,209832,,,
729094,56923,130933,,,
729099,56923,149482,,,
729103,56923,117595,,,
729110,56923,135629,,,
729117,56923,134462,,,
729124,56923,130733,,,
729131,56923,131102,,,
729138,56923,130964,,,
729145,56923,120567,,,
729152,29961,185979,,,
729159,29961,181922,,,
729166,51778,144985,,,
729173,51778,105912,,,
729180,51778,130342,,,
729187,51778,124441,,,
729194,38413,202902,,,
729201,26232,129668,,,
729206,54698,179037,,,
729210,54698,178749,,,
729217,54698,176299,,,
729224,54698,174103,,,
729231,54698,172677,,,
729238,31567,141614,,,
729245,31567,136577,,,
729252,53249,172475,,,
729259,53249,176562,,,
729266,53249,181161,,,
729273,53249,179616,,,
729280,53249,181133,,,
729287,53249,173953,,,
729294,53249,180577,,,
729301,53249,173909,,,
729308,53249,176974,,,
729313,53249,181055,,,
729317,53249,180015,,,
729324,53249,181025,,,
729331,53249,172311,,,
729338,53249,173318,,,
729345,53249,173310,,,
729352,53249,179942,,,
729359,53249,179919,,,
729366,53249,176824,,,
729373,53249,173723,,,
729380,53249,174223,,,
729387,53249,173186,,,
729394,53249,178807,,,
729401,53249,173161,,,
729408,53249,179285,,,
729415,53249,172525,,,
729420,53249,172515,,,
729424,53249,180686,,,
729431,53249,181317,,,
729438,53249,173639,,,
729445,53249,206400,,,
729452,53249,171064,,,
729459,53249,179753,,,
729466,53249,169479,,,
729473,26250,126265,,,
729480,36900,130417,,,
729487,36900,204742,,,
729494,36900,169143,,,
729501,36900,105603,,,
729508,132662,178549,,,
729515,132662,175966,,,
729522,132662,177880,,,
729527,132662,175946,,,
729531,132662,173629,,,
729538,132662,169647,,,
729545,132662,170783,,,
729552,132662,178333,,,
729559,132662,178580,,,
729566,39142,184911,,,
729573,36404,146127,,,
729580,26285,174520,,,
729587,28879,193913,,,
729594,28879,181725,,,
729601,28879,187086,,,
729608,28879,189769,,,
729615,28879,187073,,,
729622,28879,189317,,,
729629,28879,186024,,,
729634,28879,185382,,,
729638,28879,191651,,,
729645,28879,185620,,,
729652,28879,185996,,,
729659,28879,185990,,,
729666,48648,188276,,,
729673,48648,188269,,,
729680,48648,193754,,,
729687,48648,189778,,,
729694,48648,193866,,,
729701,48648,189251,,,
729708,48648,194698,,,
729715,46190,184159,,,
729722,26378,169938,,,
729729,100188,172776,,,
729736,100188,172888,,,
729741,100188,170828,,,
729745,100188,172622,,,
729752,100188,172742,,,
729759,100188,172601,,,
729766,100188,175538,,,
729773,100188,178091,,,
729780,100188,172578,,,
729787,100188,179355,,,
729794,100188,176270,,,
729801,100188,174592,,,
729808,46634,191531,,,
729815,43095,140863,,,
729822,43095,161520,,,
729829,43095,136489,,,
729836,38654,145499,,,
729843,42991,106623,,,
729848,42991,131304,,,
729852,42991,108369,,,
729859,42991,105398,,,
729866,42991,131343,,,
729873,30495,117227,,,
729880,123942,138990,,,
729887,123942,145113,,,
729894,123942,127166,,,
729901,61765,209942,,,
729908,100223,106602,,,
729915,100223,150089,,,
729922,100223,165436,,,
729929,100223,128562,,,
729936,100223,142752,,,
729943,100223,168465,,,
729950,26501,103525,,,
729955,61768,207241,,,
729959,100227,190182,,,
729966,26508,165503,,,
729973,26510,148566,,,
729980,26512,150745,,,
729987,28965,167190,,,
729994,46265,194671,,,
730001,46265,183526,,,
730008,46265,192986,,,
730015,46265,187719,,,
730022,46265,190519,,,
730029,46265,195364,,,
730036,46265,182428,,,
730043,46265,182934,,,
730050,46265,186501,,,
730057,57672,206792,,,
730062,39357,189752,,,
730066,39357,189296,,,
730073,39357,188664,,,
730080,47173,193872,,,
730087,36051,181358,,,
730094,36051,172263,,,
730101,36051,180940,,,
730108,36051,176572,,,
730115,36051,172573,,,
730122,36051,171798,,,
730129,36051,169352,,,
730136,29433,141542,,,
730143,30042,199496,,,
730150,35603,161209,,,
730157,53549,117406,,,
730164,35872,108136,,,
730169,54343,170933,,,
730173,54343,170280,,,
730180,100334,177643,,,
730187,100334,180183,,,
730194,100334,180636,,,
730201,100334,179074,,,
730208,100334,178040,,,
730215,100334,171367,,,
730222,100334,172375,,,
730229,100334,170813,,,
730236,100334,178989,,,
730243,100334,177949,,,
730250,100334,181020,,,
730257,100334,171790,,,
730264,100334,179450,,,
730271,100334,178404,,,
730276,100334,179423,,,
730280,100334,172750,,,
730287,100334,175805,,,
730294,100334,171184,,,
730301,100334,172704,,,
730308,100334,180371,,,
730315,100334,181380,,,
730322,100334,172989,,,
730329,100334,177069,,,
730336,100334,178597,,,
730343,100334,174492,,,
730350,100334,171626,,,
730357,100334,181333,,,
730364,100334,181316,,,
730371,100334,180781,,,
730378,100334,181275,,,
730383,100334,181254,,,
730387,26676,178022,,,
730394,45905,186324,,,
730401,45905,194869,,,
730408,45905,194574,,,
730415,40752,170707,,,
730422,52970,197447,,,
730429,35768,131058,,,
730436,35768,142180,,,
730443,49594,193020,,,
730450,49594,193008,,,
730457,49594,181723,,,
730464,49594,182203,,,
730471,49594,184687,,,
730478,49594,191301,,,
730485,49594,191772,,,
730490,49594,182546,,,
730494,49594,182542,,,
730501,49594,182535,,,
730508,49594,186602,,,
730515,49594,191167,,,
730522,49594,186010,,,
730529,49594,182401,,,
730536,49594,182270,,,
730543,49594,193031,,,
730550,43720,133268,,,
730557,44006,134524,,,
730564,44006,161769,,,
730571,44006,108352,,,
730578,44006,132506,,,
730585,100396,169854,,,
730592,100396,178707,,,
730597,100396,176951,,,
730601,100396,169735,,,
730608,44478,121337,,,
730615,44478,116234,,,
730622,57960,170006,,,
730629,38508,174154,,,
730636,38508,178079,,,
730643,38508,171146,,,
730650,44397,126038,,,
730657,26831,150262,,,
730664,44107,180723,,,
730671,44107,171623,,,
730678,44107,174154,,,
730685,44107,170294,,,
730692,44107,180768,,,
730699,44107,171790,,,
730704,44107,179208,,,
730708,44107,170245,,,
730715,37347,123093,,,
730722,37347,121803,,,
730729,37347,116515,,,
730736,41575,183676,,,
730743,61874,210027,,,
730750,53777,194277,,,
730757,53777,193111,,,
730764,53777,193835,,,
730771,53777,199312,,,
730778,53451,185185,,,
730785,53451,190020,,,
730792,53451,190117,,,
730799,53451,183046,,,
730806,56045,103733,,,
730811,61837,209994,,,
730815,33583,194637,,,
730822,61945,210090,,,
730829,58114,181400,,,
730836,132711,172632,,,
730843,62016,210152,,,
730850,29373,187370,,,
730857,29373,185816,,,
730864,29373,185810,,,
730871,29373,193480,,,
730878,29373,188860,,,
730885,29373,189833,,,
730892,29373,184175,,,
730899,29373,184614,,,
730906,29373,194303,,,
730913,29373,193212,,,
730918,29373,193204,,,
730922,29373,193200,,,
730929,29373,193193,,,
730936,29373,182415,,,
730943,29373,188984,,,
730950,29373,183833,,,
730957,41764,190583,,,
730964,41764,190572,,,
730971,27181,150682,,,
730978,51508,190995,,,
730985,51508,193922,,,
730992,53216,195459,,,
730999,54555,120571,,,
731006,54555,133987,,,
731013,54555,106946,,,
731020,54555,131233,,,
731025,54555,106385,,,
731029,62099,208529,,,
731036,52487,169328,,,
731043,52487,169321,,,
731050,52487,178515,,,
731057,52487,178631,,,
731064,52487,175920,,,
731071,52487,169621,,,
731078,52487,178949,,,
731085,51803,186229,,,
731092,51803,182888,,,
731099,51803,195936,,,
731106,51803,195930,,,
731113,51803,188605,,,
731120,51803,193209,,,
731127,51803,188585,,,
731132,51803,188580,,,
731136,51803,191625,,,
731143,62129,210242,,,
731150,53015,165550,,,
731157,53015,137546,,,
731164,62138,210249,,,
731171,38981,105708,,,
731178,40434,188268,,,
731185,40434,181599,,,
731192,40434,192206,,,
731199,40434,185506,,,
731206,40434,185489,,,
731213,33326,144880,,,
731220,33946,185335,,,
731227,33946,188128,,,
731234,33946,191537,,,
731239,33946,189333,,,
731243,33946,183045,,,
731250,53345,107834,,,
731257,53345,106376,,,
731264,62207,210297,,,
731271,53750,169041,,,
731278,53750,167985,,,
731285,53750,106388,,,
731292,42105,196081,,,
731299,42105,184142,,,
731306,42105,183325,,,
731313,51957,136222,,,
731320,51957,136650,,,
731327,54789,189539,,,
731334,28642,172408,,,
731341,28642,169834,,,
731346,28642,172125,,,
731350,28642,170326,,,
731357,28642,169801,,,
731364,28642,176575,,,
731371,28642,176432,,,
731378,28642,179358,,,
731385,28642,180504,,,
731392,28642,178701,,,
731399,28642,176512,,,
731406,40320,181084,,,
731413,40320,170823,,,
731420,40320,180921,,,
731427,40320,180896,,,
731434,40320,180744,,,
731441,29311,127111,,,
731448,44674,183667,,,
731453,44674,193605,,,
731457,48343,199545,,,
731464,32022,183676,,,
731471,50644,131065,,,
731478,50644,141786,,,
731485,50644,107967,,,
731492,50644,163607,,,
731499,46013,185397,,,
731506,46013,189255,,,
731513,37605,174068,,,
731520,37605,178146,,,
731527,37605,181318,,,
731534,37605,178099,,,
731541,37605,174477,,,
731548,37605,180481,,,
731555,40631,193174,,,
731560,46062,171708,,,
731564,58200,181021,,,
731571,38106,172271,,,
731578,38106,169566,,,
731585,38106,175053,,,
731592,38106,172097,,,
731599,38106,176817,,,
731606,38106,171412,,,
731613,30649,174583,,,
731620,30649,180156,,,
731627,30649,180042,,,
731634,30649,173372,,,
731641,30649,173864,,,
731648,30649,175346,,,
731655,30649,179914,,,
731662,30649,171686,,,
731667,30649,174212,,,
731671,30649,176256,,,
731678,30649,178291,,,
731685,30649,178763,,,
731692,30649,180792,,,
731699,30649,177675,,,
731706,45713,190431,,,
731713,45713,190436,,,
731720,34079,172525,,,
731727,34079,179033,,,
731734,34079,180686,,,
731741,34079,181319,,,
731748,34079,174515,,,
731755,34079,180631,,,
731762,54458,179454,,,
731769,54458,179790,,,
731774,54458,173372,,,
731778,54458,180129,,,
731785,54458,174212,,,
731792,37980,190457,,,
731799,37980,181725,,,
731806,37980,191736,,,
731813,37980,195607,,,
731820,47556,190424,,,
731827,47556,187720,,,
731834,47556,193212,,,
731841,47556,191007,,,
731848,27586,170247,,,
731855,52738,164432,,,
731862,33346,182124,,,
731869,39225,192378,,,
731876,39225,192370,,,
731881,39225,189666,,,
731885,39225,182365,,,
731892,39225,182357,,,
731899,39225,186691,,,
731906,39225,183227,,,
731913,39225,184238,,,
731920,39225,184231,,,
731927,39225,182559,,,
731934,39225,181652,,,
731941,39225,185354,,,
731948,39225,181632,,,
731955,42876,181656,,,
731962,62357,210409,,,
731969,32357,188173,,,
731976,52312,141676,,,
731983,52312,107724,,,
731988,52312,140721,,,
731992,52312,141343,,,
731999,52312,104833,,,
732006,30729,185821,,,
732013,30729,195018,,,
732020,30729,183730,,,
732027,30729,187814,,,
732034,30729,181654,,,
732041,30729,184690,,,
732048,30729,183661,,,
732055,30729,183113,,,
732062,30729,192310,,,
732069,30729,184615,,,
732076,30729,183072,,,
732083,30729,183065,,,
732090,30729,183551,,,
732095,30729,183549,,,
732099,30729,189676,,,
732106,30729,189138,,,
732113,30729,187517,,,
732120,30729,182890,,,
732127,30729,184409,,,
732134,30729,183889,,,
732141,30729,185400,,,
732148,30729,190505,,,
732155,30729,185368,,,
732162,30729,186376,,,
732169,33899,107380,,,
732176,33899,105962,,,
732183,33899,205376,,,
732190,33899,137519,,,
732197,33899,106521,,,
732202,33899,104205,,,
732206,54284,193979,,,
732213,54284,193865,,,
732220,47469,141165,,,
732227,29640,161209,,,
732234,29640,105707,,,
732241,29640,133825,,,
732248,62442,210483,,,
732255,55421,190040,,,
732262,62556,210584,,,
732269,43737,184602,,,
732276,33057,176951,,,
732283,33057,169735,,,
732290,62560,210588,,,
732297,41970,114602,,,
732304,32199,136862,,,
732309,32199,135696,,,
732313,32199,104103,,,
732320,27772,177240,,,
732327,27772,175693,,,
732334,27773,179073,,,
732341,100918,176615,,,
732348,100918,177622,,,
732355,100918,176575,,,
732362,100918,177073,,,
732369,100918,179616,,,
732376,100918,179083,,,
732383,100918,173952,,,
732390,100918,169841,,,
732397,100918,173394,,,
732404,100918,177463,,,
732411,100918,176927,,,
732416,100918,181008,,,
732420,100918,180486,,,
732427,100918,177395,,,
732434,100918,171741,,,
732441,100918,178385,,,
732448,100918,179901,,,
732455,100918,177296,,,
732462,100918,177780,,,
732469,100918,180825,,,
732476,100918,172601,,,
732483,100918,172573,,,
732490,100918,180756,,,
732497,62575,210598,,,
732504,37312,103314,,,
732511,37312,142465,,,
732518,100920,148709,,,
732523,100920,167107,,,
732527,100920,148670,,,
732534,100920,127891,,,
732541,27783,175673,,,
732548,27783,171740,,,
732555,44737,176224,,,
732562,44737,180803,,,
732569,44737,177073,,,
732576,44737,178708,,,
732583,44737,174985,,,
732590,132744,178200,,,
732597,41349,129776,,,
732604,41349,120656,,,
732611,41349,151621,,,
732618,41349,163256,,,
732625,41349,138665,,,
732630,41349,135967,,,
732634,41349,144787,,,
732641,41349,107914,,,
732648,41349,105603,,,
732655,46351,176603,,,
732662,46351,169934,,,
732669,46351,172971,,,
732676,46351,177541,,,
732683,46351,173394,,,
732690,46351,181037,,,
732697,46351,172300,,,
732704,46351,173800,,,
732711,46351,174284,,,
732718,46351,179396,,,
732725,46351,170686,,,
732732,46351,177279,,,
732737,46351,178797,,,
732741,46351,179781,,,
732748,46351,179715,,,
732755,46868,180693,,,
732762,46868,181178,,,
732769,46868,178595,,,
732776,46868,179073,,,
732783,46868,176478,,,
732790,46868,176976,,,
732797,46868,177463,,,
732804,46868,176403,,,
732811,46868,171764,,,
732818,46868,173283,,,
732825,46868,175294,,,
732832,46868,171141,,,
732839,46868,169571,,,
732844,46868,170583,,,
732848,46868,175693,,,
732855,46868,171070,,,
732862,46868,174120,,,
732869,46868,169479,,,
732876,29510,188669,,,
732883,29510,185071,,,
732890,29510,183015,,,
732897,29510,183010,,,
732904,29510,185046,,,
732911,29510,190028,,,
732918,29510,191170,,,
732925,29510,182584,,,
732932,29510,181922,,,
732939,29510,190993,,,
732946,29510,187785,,,
732951,62561,208121,,,
732955,56458,131555,,,
732962,55508,193870,,,
732969,55508,186437,,,
732976,51564,120674,,,
732983,51564,137289,,,
732990,51564,125625,,,
732997,51564,123144,,,
733004,56714,118396,,,
733011,56714,160718,,,
733018,56714,117296,,,
733025,56714,160667,,,
733032,36029,163702,,,
733039,36029,165332,,,
733046,36029,137895,,,
733053,36029,163717,,,
733058,27876,169329,,,
733062,52763,149049,,,
733069,34921,186797,,,
733076,34921,183162,,,
733083,34921,194387,,,
733090,34921,184121,,,
733097,34921,185111,,,
733104,34921,192768,,,
733111,34921,188146,,,
733118,34921,195802,,,
733125,34921,195766,,,
733132,34921,188040,,,
733139,34921,183916,,,
733146,34921,185955,,,
733153,34921,187880,,,
733160,34921,186940,,,
733165,34921,187950,,,
733169,34921,194591,,,
733176,34921,194586,,,
733183,34921,187416,,,
733190,34921,187922,,,
733197,34921,194564,,,
733204,39421,114381,,,
733211,28817,161558,,,
733218,28817,164645,,,
733225,28817,103298,,,
733232,31775,187765,,,
733239,31775,184934,,,
733246,31775,192729,,,
733253,31775,188364,,,
733260,31775,191672,,,
733267,31775,190999,,,
733272,31775,190482,,,
733276,31775,188680,,,
733283,28057,190182,,,
733290,36226,177657,,,
733297,36226,181230,,,
733304,36226,180712,,,
733311,36226,174555,,,
733318,36226,181202,,,
733325,36226,172986,,,
733332,36226,179110,,,
733339,36226,178578,,,
733346,36226,178558,,,
733353,36226,169836,,,
733360,36226,169825,,,
733367,36226,176977,,,
733374,36226,179011,,,
733379,36226,169790,,,
733383,36226,177460,,,
733390,36226,170280,,,
733397,36226,181025,,,
733404,36226,173333,,,
733411,36226,170759,,,
733418,36226,169722,,,
733425,36226,179416,,,
733432,36226,172739,,,
733439,36226,180901,,,
733446,36226,176279,,,
733453,36226,174202,,,
733460,36226,170592,,,
733467,36226,177750,,,
733474,36226,178254,,,
733481,36226,181297,,,
733486,36226,180262,,,
733490,36226,181277,,,
733497,36226,173071,,,
733504,38599,179035,,,
733511,38599,179011,,,
733518,38599,172573,,,
733525,28071,149973,,,
733532,33849,104694,,,
733539,33849,142056,,,
733546,33849,130884,,,
733553,33849,119219,,,
733560,33849,136475,,,
733567,29582,193933,,,
733574,35148,195029,,,
733581,30289,134780,,,
733588,30289,162933,,,
733593,30289,103790,,,
733597,30289,126058,,,
733604,30289,106845,,,
733611,30289,136273,,,
733618,30289,106876,,,
733625,30289,130483,,,
733632,30289,146088,,,
733639,30289,103842,,,
733646,30289,123413,,,
733653,30289,103309,,,
733660,30289,128258,,,
733667,39292,189828,,,
733674,44240,150089,,,
733681,62711,210706,,,
733688,62772,210748,,,
733695,30806,104691,,,
733700,30806,137441,,,
733704,30806,132437,,,
733711,30806,105680,,,
733718,30806,127943,,,
733725,30806,142270,,,
733732,30806,137520,,,
733739,30806,144554,,,
733746,30806,116898,,,
733753,30806,120603,,,
733760,30806,163852,,,
733767,30806,169094,,,
733774,49100,193764,,,
733781,49100,182083,,,
733788,49100,195877,,,
733795,49100,184320,,,
733802,30699,181625,,,
733807,30699,184945,,,
733811,30699,186603,,,
733818,30699,190945,,,
733825,30699,186322,,,
733832,30699,181691,,,
733839,30699,193451,,,
733846,30699,181667,,,
733853,30699,191880,,,
733860,30699,181648,,,
733867,30699,191877,,,
733874,19112,177307,,,
733881,57175,169804,,,
733888,57175,169423,,,
733895,57175,169615,,,
733902,57175,169769,,,
733909,57175,169920,,,
733914,57175,170160,,,
733918,57175,170393,,,
733925,57175,170686,,,
733932,57175,170783,,,
733939,57175,170835,,,
733946,57175,170897,,,
733953,57175,171163,,,
733960,57175,171311,,,
733967,57175,171689,,,
733974,57175,171848,,,
733981,57175,172090,,,
733988,57175,172444,,,
733995,57175,172607,,,
734002,57175,172731,,,
734009,57175,173231,,,
734016,57175,173549,,,
734021,57175,173816,,,
734025,57175,173858,,,
734032,57175,173967,,,
734039,57175,174228,,,
734046,57175,174425,,,
734053,57175,174565,,,
734060,57175,175038,,,
734067,57175,175619,,,
734074,57175,175940,,,
734081,57175,176242,,,
734088,57175,176488,,,
734095,57175,176559,,,
734102,57175,176869,,,
734109,57175,177017,,,
734116,57175,177146,,,
734123,57175,177341,,,
734128,57175,177391,,,
734132,57175,177407,,,
734139,57175,177535,,,
734146,57175,177744,,,
734153,57175,177950,,,
734160,57175,178073,,,
734167,57175,178118,,,
734174,57175,178163,,,
734181,57175,178253,,,
734188,57175,178337,,,
734195,57175,178437,,,
734202,57175,178584,,,
734209,57175,178706,,,
734216,57175,178950,,,
734223,57175,179074,,,
734230,57175,179273,,,
734235,57175,179356,,,
734239,57175,179487,,,
734246,57175,179682,,,
734253,57175,179795,,,
576203,58024,190492,,,
576204,58024,193848,,,
576205,58024,192790,,,
576206,58024,195698,,,
576207,58024,188364,,,
576208,58024,187813,,,
576209,58024,196131,,,
576210,58028,200765,,,
576211,58028,200516,,,
576212,58028,200515,,,
576213,58028,199677,,,
576214,57985,180615,,,
576215,57985,176917,,,
576216,57985,172939,,,
576217,57985,172599,,,
576218,58011,206611,,,
576219,57980,116973,,,
576220,57980,125770,,,
576221,58025,192296,,,
576222,58025,192300,,,
576223,58025,192290,,,
576224,58025,181472,,,
576225,58015,193906,,,
576226,58022,162677,,,
576227,58032,199663,,,
576228,58032,202115,,,
576229,58004,177535,,,
576230,58029,185995,,,
576231,58029,186890,,,
576232,58029,186889,,,
576233,58029,186872,,,
576234,58020,137791,,,
576235,58020,103486,,,
576236,58020,165501,,,
576237,58020,132114,,,
576238,58020,137992,,,
576239,58020,137800,,,
576240,58020,137798,,,
576241,58020,137797,,,
576243,57997,117963,,,
576244,57997,117962,,,
576245,58012,179522,,,
576246,58012,206612,,,
576247,58012,180442,,,
576248,58012,180721,,,
576250,58038,108278,,,
576251,58038,108277,,,
576252,58038,106599,,,
576253,58038,160833,,,
576254,57986,174303,,,
576255,57986,172438,,,
576257,57995,137764,,,
576258,57995,137763,,,
576259,57995,137768,,,
576260,57968,199022,,,
576261,58007,175616,,,
576262,57987,185762,,,
576264,58033,193915,,,
576265,58033,182611,,,
576266,58033,187083,,,
576267,58033,187080,,,
576268,58033,182791,,,
576269,58033,186016,,,
576271,58036,147027,,,
576272,58014,173374,,,
576273,58014,176976,,,
576274,58014,173231,,,
576275,58014,173799,,,
576276,58014,173413,,,
576278,58040,168587,,,
576279,58040,168585,,,
576280,58018,199954,,,
576281,58018,202881,,,
576282,58041,118779,,,
576283,58041,123381,,,
576285,58041,125356,,,
576286,58041,125291,,,
576287,58041,163265,,,
576288,57975,127003,,,
576289,57975,130167,,,
576290,57975,126992,,,
576292,57975,165290,,,
576293,58042,199459,,,
576294,57989,182705,,,
576295,57989,194112,,,
576296,58044,117723,,,
576297,58044,162871,,,
576299,58044,123587,,,
576300,58044,120674,,,
576301,57994,200843,,,
576302,57977,178407,,,
576304,58100,206632,,,
576305,58046,178521,,,
576306,58046,172414,,,
576308,58046,174224,,,
576309,58081,120167,,,
576310,58081,116660,,,
576311,58077,175290,,,
576312,58077,174937,,,
576313,58077,174483,,,
576315,58077,171418,,,
576316,58077,177069,,,
576317,58077,175084,,,
576318,58077,175144,,,
576319,58077,175142,,,
576320,58084,136479,,,
576322,58084,132538,,,
576323,58065,178681,,,
576324,58065,180046,,,
576325,58065,180941,,,
576326,58065,178636,,,
576327,58065,174091,,,
576329,58102,206633,,,
576330,58095,164950,,,
576331,58095,110741,,,
576332,58092,118278,,,
576333,58092,119708,,,
576334,58103,206634,,,
576336,58088,146902,,,
576337,58113,206637,,,
576338,58074,137982,,,
576339,58074,137044,,,
576340,58074,137871,,,
576341,58074,163886,,,
576343,58074,165610,,,
576344,58074,104162,,,
576345,58083,176030,,,
576346,58083,176027,,,
576347,58083,171418,,,
576348,58083,176241,,,
576350,58083,172545,,,
576351,58087,110741,,,
576352,58087,164265,,,
576353,58060,173575,,,
576354,58060,173418,,,
576355,58060,173330,,,
576357,58075,176479,,,
576358,58075,176541,,,
576359,58075,169403,,,
576360,58075,177048,,,
576361,58075,177045,,,
576362,58075,177038,,,
576364,58093,131046,,,
576365,58093,136864,,,
576366,58117,206638,,,
576367,58118,124404,,,
576368,58118,121123,,,
576369,58118,116850,,,
576371,58116,147913,,,
576372,58108,176397,,,
576373,58108,173900,,,
576374,58108,170235,,,
576375,58082,180671,,,
576376,58082,170419,,,
576378,58082,170415,,,
576379,58082,177257,,,
576380,58066,189274,,,
576381,58066,192984,,,
576382,58066,181523,,,
576383,58066,187505,,,
576385,58066,181517,,,
576386,58066,189292,,,
576387,58066,181515,,,
576388,58066,189251,,,
576389,58090,179159,,,
576390,58090,181244,,,
576392,58090,181354,,,
576393,58055,181192,,,
576394,58069,206623,,,
576395,58069,177057,,,
576396,58094,196125,,,
576397,58094,192730,,,
576399,58094,186351,,,
576400,58094,196131,,,
576401,58078,199823,,,
576402,58078,199835,,,
576403,58078,206625,,,
576404,58110,149019,,,
576406,58110,147574,,,
576407,58110,151174,,,
576408,58110,148421,,,
576409,58110,147332,,,
576411,58099,147029,,,
576412,58073,190701,,,
576413,58073,181988,,,
576415,58073,189697,,,
576416,58073,189696,,,
576417,58072,190267,,,
576418,58057,188727,,,
576419,58057,186900,,,
576420,58057,183181,,,
576422,58057,196010,,,
576423,58057,185956,,,
576424,58057,181635,,,
576425,58057,185984,,,
576426,58080,184349,,,
576427,58080,184315,,,
576429,58080,187603,,,
576430,58080,187532,,,
576431,58080,184359,,,
576432,58080,187527,,,
576433,58080,187522,,,
576434,58101,132756,,,
576436,58104,148568,,,
576437,58104,128832,,,
576438,58105,193075,,,
576439,58105,193073,,,
576440,58105,193072,,,
576441,58115,124184,,,
576443,58045,206617,,,
576444,58056,194253,,,
576445,58076,187310,,,
576446,58067,200702,,,
576447,58067,200795,,,
576448,58067,201840,,,
576450,58085,206626,,,
576451,58098,206631,,,
576452,58098,149828,,,
576453,58106,183227,,,
576454,58106,184015,,,
576455,58106,184014,,,
576457,58106,184012,,,
576458,58079,171294,,,
576459,58079,174366,,,
576460,58079,174365,,,
576461,58079,176476,,,
576462,58079,171279,,,
576464,58079,179589,,,
576465,58079,180516,,,
576466,58091,177567,,,
576467,58091,177674,,,
576468,58068,165572,,,
576469,58068,163444,,,
576471,58051,206620,,,
576472,58051,206619,,,
576473,58051,122644,,,
576474,58051,125356,,,
576475,58051,125289,,,
576476,58047,211271,,,
576478,58047,211273,,,
576479,58047,211272,,,
576480,58062,175607,,,
576481,58062,178146,,,
576482,58181,136085,,,
576483,58181,136643,,,
576485,58181,136177,,,
576486,58174,172826,,,
576487,58174,180981,,,
576488,58174,176878,,,
576489,58174,172074,,,
576490,58174,172071,,,
576492,58145,178949,,,
576493,58145,179300,,,
576494,58145,179505,,,
576495,58189,147745,,,
576496,58189,147633,,,
576497,58189,146865,,,
576499,58156,206649,,,
576500,58156,206648,,,
576501,58191,206655,,,
576502,58191,206656,,,
576503,58190,206654,,,
576504,58183,176231,,,
576506,58183,176233,,,
576507,58183,174720,,,
576508,58187,173886,,,
576509,58187,175065,,,
576510,58187,176441,,,
576511,58187,175070,,,
576513,58187,175528,,,
576514,58187,176582,,,
576515,58187,176193,,,
576516,58144,195006,,,
576518,58144,194701,,,
576519,58144,194698,,,
576520,58144,193546,,,
576522,58129,103875,,,
576523,58139,199438,,,
576524,58139,199437,,,
576525,58139,199603,,,
576526,58139,199434,,,
576527,58176,179199,,,
576529,58176,176125,,,
576530,58176,172337,,,
576531,58176,171408,,,
576532,58176,175075,,,
576533,58163,200776,,,
576534,58122,178658,,,
576536,58157,107132,,,
576537,58157,206651,,,
576538,58172,116770,,,
576539,58178,183069,,,
576540,58178,183067,,,
576541,58178,183065,,,
576543,58178,183729,,,
576544,58178,182892,,,
576545,58178,182890,,,
576546,58178,183077,,,
576547,58178,183652,,,
576548,58160,188470,,,
576550,58136,206645,,,
576551,58135,195282,,,
576552,58132,129703,,,
576553,58120,123613,,,
576554,58120,117492,,,
576555,58120,117962,,,
576557,58130,206642,,,
576558,58182,199631,,,
576559,58166,196062,,,
576560,58166,196052,,,
576561,58166,196051,,,
576562,58169,193903,,,
576564,58171,193143,,,
576565,58171,189360,,,
576566,58180,177127,,,
576567,58180,177118,,,
576568,58180,177132,,,
576569,58180,177136,,,
576571,58133,173197,,,
576572,58133,206644,,,
576573,58133,173164,,,
576574,58119,206639,,,
576575,58159,172566,,,
576576,58159,172622,,,
576578,58159,177240,,,
576579,58175,202253,,,
576580,58175,199528,,,
576581,58164,106947,,,
576582,58164,136076,,,
576583,58164,107083,,,
576585,58185,178645,,,
576586,58185,178641,,,
576587,58185,180728,,,
576588,58146,122389,,,
576589,58126,193988,,,
576590,58188,199483,,,
576592,58121,178262,,,
576593,58162,177151,,,
576594,58162,177434,,,
576595,58162,174712,,,
576596,58162,174997,,,
576597,58162,178640,,,
576599,58162,177158,,,
576600,58162,169984,,,
576601,58150,171370,,,
576602,58150,176051,,,
576603,58150,176050,,,
576604,58150,179625,,,
576606,58184,174459,,,
576607,58184,176210,,,
576608,58184,176269,,,
576609,58184,181411,,,
576610,58153,118516,,,
576611,58134,159768,,,
576613,58179,103705,,,
576614,58179,130486,,,
576615,58179,130484,,,
576616,58179,137378,,,
576617,58152,177807,,,
576618,58152,178328,,,
576620,58151,111181,,,
576621,58154,118231,,,
576622,58154,160646,,,
576623,58154,104546,,,
576625,58147,107415,,,
576626,58147,139004,,,
576627,58147,107042,,,
576629,58165,122879,,,
576630,58165,120374,,,
576631,58141,183572,,,
576632,58141,190116,,,
576633,58259,192719,,,
576634,58221,206663,,,
576636,58221,109629,,,
576637,58221,109631,,,
576638,58246,123143,,,
576639,58246,120431,,,
576640,58229,129239,,,
576641,58229,167562,,,
576643,58253,185134,,,
576644,58250,170462,,,
576645,58250,170464,,,
576646,58242,155786,,,
576647,58192,117538,,,
576648,58192,123657,,,
576650,58236,179134,,,
576651,58236,172208,,,
576652,58236,173804,,,
576653,58236,177098,,,
576654,58236,172679,,,
576655,58247,142163,,,
576657,58207,103375,,,
576658,58207,133638,,,
576659,58207,104692,,,
576660,58207,103353,,,
576661,58228,169335,,,
576662,58228,175412,,,
576664,58228,180553,,,
576665,58193,134182,,,
576666,58193,108076,,,
576667,58193,134184,,,
576668,58196,205303,,,
576669,58196,160722,,,
576671,58206,155428,,,
576672,58206,139652,,,
576673,58218,173442,,,
576674,58218,173448,,,
576675,58218,169322,,,
576676,58218,169328,,,
576678,58203,177206,,,
576679,58203,172861,,,
576680,58231,183508,,,
576681,58231,191474,,,
576682,58231,191473,,,
576683,58231,191472,,,
576685,58231,183468,,,
576686,58231,183464,,,
576687,58262,193543,,,
576688,58262,189165,,,
576689,58262,193537,,,
576690,58262,193536,,,
576692,58235,120187,,,
576693,58235,125018,,,
576694,58264,191101,,,
576695,58264,191106,,,
576696,58208,204652,,,
576697,58208,206659,,,
576699,58215,186047,,,
576700,58215,186045,,,
576701,58215,195540,,,
576702,58215,186052,,,
576703,58215,186049,,,
576704,58210,169782,,,
576706,58205,199622,,,
576707,58205,201205,,,
576708,58205,202184,,,
576709,58248,114893,,,
576710,58248,114876,,,
576711,58248,113084,,,
576713,58249,157507,,,
576714,58197,192982,,,
576715,58197,195631,,,
576716,58197,192971,,,
576717,58197,181515,,,
576718,58197,192970,,,
576720,58211,173398,,,
576721,58211,205358,,,
576722,58211,173197,,,
576723,58211,173164,,,
576724,58211,179974,,,
576725,58211,172961,,,
576727,58199,206657,,,
576728,58198,177674,,,
576729,58198,177554,,,
576730,58212,177471,,,
576732,58212,177212,,,
576733,58212,177561,,,
576734,58212,179823,,,
576736,58212,177473,,,
576737,58212,177664,,,
576738,58227,103960,,,
576739,58254,184862,,,
576740,58254,184868,,,
576741,58254,184867,,,
576743,58254,184864,,,
576744,58225,116570,,,
576745,58225,124631,,,
576746,58225,125746,,,
576747,58225,119922,,,
576748,58225,121779,,,
576750,58225,119729,,,
576751,58225,136783,,,
576752,58230,178423,,,
576753,58230,178420,,,
576754,58230,178352,,,
576755,58230,170947,,,
576757,58245,174845,,,
576758,58245,171809,,,
576759,58245,175384,,,
576760,58214,117294,,,
576761,58214,160429,,,
576762,58214,140711,,,
576764,58214,122048,,,
576765,58223,200759,,,
576766,58223,200979,,,
576767,58223,200785,,,
576768,58223,200944,,,
576769,58223,202445,,,
576771,58201,108025,,,
576772,58244,182564,,,
576773,58244,182561,,,
576774,58195,108365,,,
576775,58195,123812,,,
576776,58195,136250,,,
576778,58238,194522,,,
576779,58238,190359,,,
576780,58238,185745,,,
576781,58238,194541,,,
576782,58238,194540,,,
576783,58238,194536,,,
576785,58255,133975,,,
576786,58258,185727,,,
576787,58258,194522,,,
576788,58258,191641,,,
576789,58258,190359,,,
576790,58258,193845,,,
576792,58258,193838,,,
576793,58258,194509,,,
576794,58232,125380,,,
576795,58219,151295,,,
576796,58219,148783,,,
576797,58219,146948,,,
576799,58222,206664,,,
576800,58252,128495,,,
576801,58252,125745,,,
576802,58252,129640,,,
576803,58240,173797,,,
576804,58240,178146,,,
576806,58240,178420,,,
576807,58265,200295,,,
576808,58265,199734,,,
576809,58265,199733,,,
576810,58265,200222,,,
576811,58326,206689,,,
576813,58276,116772,,,
576814,58276,117684,,,
576815,58302,141479,,,
576816,58302,138155,,,
576817,58304,206684,,,
576818,58304,173639,,,
576820,58304,175616,,,
576821,58270,200404,,,
576822,58270,200436,,,
576823,58270,200403,,,
576824,58306,206685,,,
576825,58321,198766,,,
576827,58281,174739,,,
576828,58281,174738,,,
576829,58281,170760,,,
576830,58281,176582,,,
576831,58281,174948,,,
576832,58288,201960,,,
576834,58293,200292,,,
576835,58295,137207,,,
576836,58295,103668,,,
576837,58295,163756,,,
576839,58295,104583,,,
576840,58295,137187,,,
576841,58295,104546,,,
576843,58266,173709,,,
576844,58266,173147,,,
576845,58266,173720,,,
576846,58313,187942,,,
576847,58313,185987,,,
576848,58294,184799,,,
576850,58294,194975,,,
576851,58294,183748,,,
576852,58294,194978,,,
576853,58294,194977,,,
576854,58294,194976,,,
576855,58323,195255,,,
576857,58323,188785,,,
576858,58323,188242,,,
576859,58323,197585,,,
576860,58323,188784,,,
576861,58323,183169,,,
576862,58317,142622,,,
576864,58330,180894,,,
576865,58330,174909,,,
576866,58330,175228,,,
576867,58330,180635,,,
576868,58330,174968,,,
576869,58330,179607,,,
576871,58330,171893,,,
576872,58330,178865,,,
576873,58330,170835,,,
576874,58330,174546,,,
576875,58330,176241,,,
576876,58330,175163,,,
576878,58330,181184,,,
576879,58299,200476,,,
576880,58299,200792,,,
576881,58299,199602,,,
576882,58299,199544,,,
576883,58285,192541,,,
576885,58285,193110,,,
576886,58285,193108,,,
576887,58285,187856,,,
576888,58285,185025,,,
576889,58285,184993,,,
576890,58291,122447,,,
576892,58272,206675,,,
576893,58331,148473,,,
576894,58308,200432,,,
576895,58267,150135,,,
576896,58297,173665,,,
576897,58297,169659,,,
576899,58297,206681,,,
576900,58309,206687,,,
576901,58309,206686,,,
576902,58332,125149,,,
576903,58332,130862,,,
576904,58332,119307,,,
576906,58332,134433,,,
576907,58320,175589,,,
576908,58271,148773,,,
576909,58271,206674,,,
576910,58336,190266,,,
576911,58336,190265,,,
576913,58336,189299,,,
576914,58336,189296,,,
576915,58336,188664,,,
576916,58336,190272,,,
576917,58336,189312,,,
576918,58303,190915,,,
576920,58314,177023,,,
576921,58314,173371,,,
576922,58314,180116,,,
576923,58314,176788,,,
576924,58314,180115,,,
576925,58314,173456,,,
576927,58314,173451,,,
576928,58314,173512,,,
576929,58314,173799,,,
576930,58314,173284,,,
576931,58314,173827,,,
576932,58314,173474,,,
576934,58318,184711,,,
576935,58318,190611,,,
576936,58318,187994,,,
576937,58318,189513,,,
576938,58298,182231,,,
576939,58329,129178,,,
576941,58329,129678,,,
576942,58329,129805,,,
576943,58329,131210,,,
576944,58329,128746,,,
576946,58329,128705,,,
576947,58283,189263,,,
576948,58283,190990,,,
576950,58283,184843,,,
576951,58283,184167,,,
576952,58283,190406,,,
576953,58283,190404,,,
576954,58283,193764,,,
576955,58333,193898,,,
576957,58325,173375,,,
576958,58325,171294,,,
576959,58325,171283,,,
576960,58325,171279,,,
576961,58325,176427,,,
576962,58325,176010,,,
576964,58325,175553,,,
576965,58334,172510,,,
576966,58334,172629,,,
576967,58334,172501,,,
576968,58334,172530,,,
576969,58334,173829,,,
576971,58316,170546,,,
576972,58289,206679,,,
576973,58268,177915,,,
576974,58268,177928,,,
576975,58305,176603,,,
576976,58305,178010,,,
576978,58305,175698,,,
576979,58305,175695,,,
576980,58305,177961,,,
576981,58305,169384,,,
576982,58305,176193,,,
576983,58319,173679,,,
576985,58284,108380,,,
576986,58310,121845,,,
576987,58310,118259,,,
576988,58310,123944,,,
576989,58296,180737,,,
576990,58296,174406,,,
576992,58296,174465,,,
576993,58277,186557,,,
576994,58277,195020,,,
576995,58277,197555,,,
576996,58277,185912,,,
576997,58307,149868,,,
577000,58419,206906,,,
577001,58420,206907,,,
577002,58414,206901,,,
577003,58407,184102,,,
577004,58384,181439,,,
577006,58412,206899,,,
577007,58406,206865,,,
577008,58406,211025,,,
577009,58350,183900,,,
577010,58350,191262,,,
577011,58350,181564,,,
577013,58350,181561,,,
577014,58350,181560,,,
577015,58350,181559,,,
577016,58356,206695,,,
577017,58368,178366,,,
577018,58368,170557,,,
577020,58368,178644,,,
577021,58368,178455,,,
577022,58368,177333,,,
577023,58368,170933,,,
577024,58368,170708,,,
577025,58368,170129,,,
577027,58368,177282,,,
577028,58368,178816,,,
577029,58369,175731,,,
577030,58369,176800,,,
577031,58352,206693,,,
577032,58352,206692,,,
577034,58371,120759,,,
577035,58371,118706,,,
577036,58371,133232,,,
577037,58371,132939,,,
577038,58371,132873,,,
577039,58339,202875,,,
577041,58347,172287,,,
577042,58347,172286,,,
577043,58347,171994,,,
577044,58347,172633,,,
577045,58347,172983,,,
577046,58347,173072,,,
577048,58347,172739,,,
577049,58379,206702,,,
577050,58379,148001,,,
577051,58340,148676,,,
577053,58408,173402,,,
577054,58408,173400,,,
577055,58408,172244,,,
577057,58408,172174,,,
577058,58408,173034,,,
577059,58408,179913,,,
577060,58408,173032,,,
577061,58408,173029,,,
577062,58381,125199,,,
577064,58381,120713,,,
577065,58381,116624,,,
577066,58348,173169,,,
577067,58348,171861,,,
577068,58348,171852,,,
577069,58348,171881,,,
577071,58355,180246,,,
577072,58355,206694,,,
577073,58338,194975,,,
577074,58338,194590,,,
577075,58338,191864,,,
577076,58338,188464,,,
577078,58338,195689,,,
577079,58338,190408,,,
577080,58338,191871,,,
577081,58338,194978,,,
577082,58338,194308,,,
577083,58338,192547,,,
577085,58338,194977,,,
577086,58338,191872,,,
577087,58346,206691,,,
577088,58392,169739,,,
577089,58392,171584,,,
577090,58383,191295,,,
577092,58383,191297,,,
577093,58383,206704,,,
577094,58342,200347,,,
577095,58342,201120,,,
577096,58344,176092,,,
577097,58344,178459,,,
577099,58344,178420,,,
577100,58344,177362,,,
577101,58344,173586,,,
577102,58344,173264,,,
577103,58344,173326,,,
577104,58344,180589,,,
577106,58344,173605,,,
577107,58344,178146,,,
577108,58376,177236,,,
577109,58376,180947,,,
577110,58363,130366,,,
577111,58363,126332,,,
577113,58363,126069,,,
577114,58363,121076,,,
577115,58363,126071,,,
577116,58363,126061,,,
577117,58363,122346,,,
577118,58363,162727,,,
577120,58363,126342,,,
577121,58363,119395,,,
577122,58363,127170,,,
577123,58363,119072,,,
577124,58404,149146,,,
577125,58415,206902,,,
577127,58390,177176,,,
577128,58390,169778,,,
577129,58390,169610,,,
577130,58390,169638,,,
577131,58390,170401,,,
577132,58390,169633,,,
577134,58360,193875,,,
577135,58380,171943,,,
577136,58380,178661,,,
577137,58380,178658,,,
577138,58397,195631,,,
577139,58397,192982,,,
577141,58397,192983,,,
577142,58353,193593,,,
577143,58353,193591,,,
577144,58353,184817,,,
577145,58395,199686,,,
577146,58395,199642,,,
577148,58394,141870,,,
577149,58359,190778,,,
577150,58359,190777,,,
577151,58359,191286,,,
577152,58359,191287,,,
577153,58359,191283,,,
577155,58359,191280,,,
577156,58359,190770,,,
577157,58359,186002,,,
577158,58359,186001,,,
577160,58359,191276,,,
577161,58359,185996,,,
577162,58359,192297,,,
577164,58359,190776,,,
577165,58349,149587,,,
577166,58349,108761,,,
577167,58382,206703,,,
577168,58382,199932,,,
577169,58351,185439,,,
577171,58351,187164,,,
577172,58351,195227,,,
577173,58351,187159,,,
577174,58351,190100,,,
577175,58351,187922,,,
577176,58351,185425,,,
577178,58351,185422,,,
577179,58351,187149,,,
577180,58351,187180,,,
577181,58351,187179,,,
577182,58351,191594,,,
577183,58351,193384,,,
577185,58351,188771,,,
577186,58362,169653,,,
577187,58362,206697,,,
577188,58362,206696,,,
577189,58372,177403,,,
577190,58372,206700,,,
577192,58372,180936,,,
577193,58372,178755,,,
577194,58372,181250,,,
577195,58354,193342,,,
577196,58354,192028,,,
577197,58354,192376,,,
577199,58354,182357,,,
577200,58354,191149,,,
577201,58354,191146,,,
577202,58354,181609,,,
577203,58354,184231,,,
577204,58354,194946,,,
577206,58354,186691,,,
577207,58354,186754,,,
577208,58354,186689,,,
577209,58354,185312,,,
577210,58396,118654,,,
577211,58396,160950,,,
577213,58396,147214,,,
577214,58396,124367,,,
577215,58396,142222,,,
577216,58396,125321,,,
577217,58396,160936,,,
577218,58396,117382,,,
577220,58396,118501,,,
577221,58396,147908,,,
577222,58396,160896,,,
577223,58385,180671,,,
577224,58385,170388,,,
577225,58385,170419,,,
577227,58385,170415,,,
577228,58385,172680,,,
577229,58385,177184,,,
577230,58386,185911,,,
577231,58386,195925,,,
577232,58386,195921,,,
577234,58386,195905,,,
577235,58361,171709,,,
577236,58361,177624,,,
577237,58361,177525,,,
577238,58361,177807,,,
577239,58361,178382,,,
577241,58357,199496,,,
577242,58416,206903,,,
577243,58425,206912,,,
577244,58427,206914,,,
577245,58428,206915,,,
577246,58429,206916,,,
577248,58431,206918,,,
577249,58432,206919,,,
577250,58434,206921,,,
577251,58435,206922,,,
577252,58436,206923,,,
577253,58437,206924,,,
577255,58440,206927,,,
577257,58442,206929,,,
577258,58443,206930,,,
577259,58444,206931,,,
577260,58445,206932,,,
577262,58447,206934,,,
577263,58448,206935,,,
577265,58451,206938,,,
577267,58453,206940,,,
577268,58454,206941,,,
577269,58455,206942,,,
577272,58458,206945,,,
577273,58459,206946,,,
577275,58461,206948,,,
577276,58463,206950,,,
577278,58465,206952,,,
577279,58466,206953,,,
577280,58422,206909,,,
577281,58467,206954,,,
577282,58468,206955,,,
577283,58469,206956,,,
577285,58471,206958,,,
577286,58472,206959,,,
577287,58474,206961,,,
577288,58475,206962,,,
577289,58476,206963,,,
577290,58477,206963,,,
577292,58479,206965,,,
577293,58480,206966,,,
577295,58482,206968,,,
577296,58483,206969,,,
577297,58484,206970,,,
577299,58487,206973,,,
577300,58488,206974,,,
577302,58490,206976,,,
577303,58424,206911,,,
577304,58423,206910,,,
577307,58497,206983,,,
577308,58498,206984,,,
577309,58499,206985,,,
577310,58500,206986,,,
577311,58501,206987,,,
577313,58503,206989,,,
577314,58505,206991,,,
577315,58492,206978,,,
577316,58507,206993,,,
577317,58508,206994,,,
577318,58510,206996,,,
577320,58512,206998,,,
577321,58513,206999,,,
577322,58514,207000,,,
577323,58516,207002,,,
577324,58517,207003,,,
577327,58520,207006,,,
577328,58521,207007,,,
577329,58522,207008,,,
577330,58523,207009,,,
577331,58525,207011,,,
577332,58526,207012,,,
577334,58528,207014,,,
577336,58530,207016,,,
577337,58531,207017,,,
577338,58532,206984,,,
577339,58533,207018,,,
577342,58536,207021,,,
577344,58539,207024,,,
577345,58540,206934,,,
577346,58541,207025,,,
577348,58543,207027,,,
577349,58544,207028,,,
577350,58545,207029,,,
577351,58546,207030,,,
577352,58548,207032,,,
577353,58549,207033,,,
577355,58551,207035,,,
577356,58552,207036,,,
577357,58553,207033,,,
577358,58554,207037,,,
577359,58555,207038,,,
577360,58556,207039,,,
577363,58559,207042,,,
577364,58561,207044,,,
577365,58506,206992,,,
577366,58494,206980,,,
577367,58567,207033,,,
577369,58569,207050,,,
577370,58570,207051,,,
577371,58571,207052,,,
577372,58573,207054,,,
577374,58575,207056,,,
577375,58576,207057,,,
577376,58577,207058,,,
577378,58579,207060,,,
577379,58580,207061,,,
577381,58583,207064,,,
577382,58584,207065,,,
577383,58585,207066,,,
577385,58587,207068,,,
577386,58588,207069,,,
577388,58590,207071,,,
577389,58595,207075,,,
577390,58591,207072,,,
577392,58594,207074,,,
577393,58596,207076,,,
577394,58597,207077,,,
577395,58598,207078,,,
577396,58599,207079,,,
577397,58600,207080,,,
577399,58602,207082,,,
577400,58603,207083,,,
577401,58605,207085,,,
577402,58606,207086,,,
577403,58607,207087,,,
577404,58608,207088,,,
577406,58610,207090,,,
577407,58611,207091,,,
577408,58612,207092,,,
577409,58613,207093,,,
577410,58614,207094,,,
577411,58615,207095,,,
577413,58618,207098,,,
577414,58619,207099,,,
577415,58620,207100,,,
577416,58621,207101,,,
577417,58622,207102,,,
577418,58623,207103,,,
577420,58625,207105,,,
577421,58627,207107,,,
577424,58630,207110,,,
577425,58631,207111,,,
577427,58633,207113,,,
577428,58565,207048,,,
577429,58566,206984,,,
577430,58637,207117,,,
577431,58638,207118,,,
577432,58639,207119,,,
577434,58641,207121,,,
577435,58642,207122,,,
577436,58643,207123,,,
577437,58644,207124,,,
577438,58646,207126,,,
577439,58647,207127,,,
577441,58649,207129,,,
577442,58650,207130,,,
577443,58651,207131,,,
577444,58652,207132,,,
577445,58654,207134,,,
577446,58655,207135,,,
577449,58658,207138,,,
577450,58659,207139,,,
577451,58660,207140,,,
577452,58661,207141,,,
577453,58662,207142,,,
577455,58665,207145,,,
577456,58666,207033,,,
577457,58667,207146,,,
577458,58668,207147,,,
577459,58669,207148,,,
577460,58670,207149,,,
577462,58672,207151,,,
577463,58673,207152,,,
577464,58674,207153,,,
577465,58675,207154,,,
577466,58677,207156,,,
577467,58678,207157,,,
577469,58680,207159,,,
577470,58681,207160,,,
577471,58682,207161,,,
577472,58683,207162,,,
577473,58684,207163,,,
577474,58685,207164,,,
577476,58688,207167,,,
577478,58690,207169,,,
577479,58691,207170,,,
577481,58693,207172,,,
577482,58694,207173,,,
577483,58695,207174,,,
577485,58698,207177,,,
577486,58699,207178,,,
577487,58700,207179,,,
577488,58701,207180,,,
577489,58635,207115,,,
577490,58636,207116,,,
577492,58707,207186,,,
577493,58708,207187,,,
577494,58709,207188,,,
577495,58711,207190,,,
577496,58713,207192,,,
577497,58714,207193,,,
577499,58716,207195,,,
577500,58717,207196,,,
577501,58718,207197,,,
577502,58719,207198,,,
577503,58720,207199,,,
577504,58721,207200,,,
577506,58723,206984,,,
577507,58724,207202,,,
577508,58725,207203,,,
577509,58726,206984,,,
577511,58728,207205,,,
577513,58731,207208,,,
577514,58732,207209,,,
577515,58733,207210,,,
577516,58734,207211,,,
577517,58735,207212,,,
577518,58736,207213,,,
577520,58739,207216,,,
577521,58740,207217,,,
577522,58741,207218,,,
577523,58742,207219,,,
577524,58743,207220,,,
577525,58744,207221,,,
577527,58747,207224,,,
577528,58705,207184,,,
577529,58748,207225,,,
577530,58750,207227,,,
577531,58751,207228,,,
577532,58752,207229,,,
577534,58754,207231,,,
577535,58755,207232,,,
577536,58756,207233,,,
577537,58757,207234,,,
577538,58758,207235,,,
577541,58761,206984,,,
577542,58762,207238,,,
577543,58764,207240,,,
577544,58765,207241,,,
577546,58767,207243,,,
577548,58745,207222,,,
577549,58703,207182,,,
577550,58772,207247,,,
577551,58773,207248,,,
577552,58774,207248,,,
577553,58775,207249,,,
577555,58777,207251,,,
577556,58778,207252,,,
577557,58780,207254,,,
577558,58781,207255,,,
577559,58782,207256,,,
577560,58783,207257,,,
577562,58785,207259,,,
577563,58786,207260,,,
577564,58787,207052,,,
577565,58788,207261,,,
577567,58791,207264,,,
577569,58793,207266,,,
577571,58795,207268,,,
577572,58796,207269,,,
577573,58797,207270,,,
577576,58800,207273,,,
577577,58801,207274,,,
577578,58803,207276,,,
577579,58804,207277,,,
577580,58805,207278,,,
577583,58808,207281,,,
577584,58809,207282,,,
577585,58810,207283,,,
577586,58811,207284,,,
577588,58814,207287,,,
577589,58815,207288,,,
577592,58818,207291,,,
577593,58819,207292,,,
577594,58820,207293,,,
577595,58821,207294,,,
577596,58822,207295,,,
577597,58823,207296,,,
577599,58825,207298,,,
577600,58826,207299,,,
577601,58827,207300,,,
577602,58828,207301,,,
577603,58830,207303,,,
577604,58831,207304,,,
577606,58833,207306,,,
577607,61873,210026,,,
577608,58770,207245,,,
577609,58771,207246,,,
577610,58843,207316,,,
577611,58844,207317,,,
577613,58846,207318,,,
577615,58848,207320,,,
577616,58850,207322,,,
577617,58851,207323,,,
577618,58852,207324,,,
577620,58854,207326,,,
577621,58855,207327,,,
577622,58857,207329,,,
577623,58856,207328,,,
577624,58858,207330,,,
577625,58859,207331,,,
577627,58861,207333,,,
577628,58862,207334,,,
577629,58863,207335,,,
577630,58864,207336,,,
577631,58865,207337,,,
577632,58866,207338,,,
577634,58868,206984,,,
577635,58869,207340,,,
577636,58870,207341,,,
577637,58871,207342,,,
577639,58873,207344,,,
577641,58875,207346,,,
577642,58876,207347,,,
577643,58877,207348,,,
577644,58878,207349,,,
577645,58879,207350,,,
577646,58881,207352,,,
577648,58883,207354,,,
577649,58884,207355,,,
577650,58885,207356,,,
577651,58886,207357,,,
577652,58888,207359,,,
577653,58889,207360,,,
577656,58892,207363,,,
577657,58893,207364,,,
577658,58894,207365,,,
577659,58895,207366,,,
577660,58896,207367,,,
577662,58898,207369,,,
577663,58899,207370,,,
577664,58900,207371,,,
577665,58902,207373,,,
577666,58903,207033,,,
577667,58904,207374,,,
577669,58906,207175,,,
577670,58841,207314,,,
577671,58842,207315,,,
577673,58911,207380,,,
577674,58912,207381,,,
577676,58915,207384,,,
577677,58916,207385,,,
577678,58917,206984,,,
577680,58919,206934,,,
577683,58922,207389,,,
577684,58923,207390,,,
577685,58924,207391,,,
577686,58925,207392,,,
577687,58926,207393,,,
577688,58927,207394,,,
577690,58930,207397,,,
577691,58931,207398,,,
577692,58932,207399,,,
577693,58933,207400,,,
577695,58935,207402,,,
577696,58936,207403,,,
577697,58937,207241,,,
577699,58966,207431,,,
577700,58940,207406,,,
577702,58942,206984,,,
577703,58943,207408,,,
577704,58944,207409,,,
577706,58947,207412,,,
577707,58967,206934,,,
577708,58948,207413,,,
577709,58949,207414,,,
577710,58950,207415,,,
577711,58951,207416,,,
577713,58953,207418,,,
577714,58954,207419,,,
577715,58955,207420,,,
577716,58957,207422,,,
577717,58958,207423,,,
577718,58959,207424,,,
577720,58961,207426,,,
577721,58962,207427,,,
577722,58963,207428,,,
577723,58964,207429,,,
577724,58968,207432,,,
577725,58969,207433,,,
577727,58971,207435,,,
577728,58973,207437,,,
577729,58974,207438,,,
577730,58975,207439,,,
577731,58976,207440,,,
577732,58977,207441,,,
577734,58909,207378,,,
577735,58981,207445,,,
577736,58982,206984,,,
577737,58984,207447,,,
577738,58985,207448,,,
577739,58986,207449,,,
577741,58988,207451,,,
577742,58989,207452,,,
577743,58990,207453,,,
577744,58991,206934,,,
577745,58994,207456,,,
577746,58995,207161,,,
577748,58997,207458,,,
577749,58998,207459,,,
577750,58999,207460,,,
577751,59000,207461,,,
577752,59001,207462,,,
577753,59002,207463,,,
577755,59005,207342,,,
577756,59006,207465,,,
577758,59008,207467,,,
577759,59009,207468,,,
577760,59010,207469,,,
577762,59012,207471,,,
577763,59014,207052,,,
577764,59015,207473,,,
577765,59016,207474,,,
577766,59017,207475,,,
577767,59018,207476,,,
577769,59020,207478,,,
577770,59021,207479,,,
577771,59023,207481,,,
577772,59024,207482,,,
577773,59025,207483,,,
577774,59026,207484,,,
577776,59028,207486,,,
577777,59029,207487,,,
577779,59031,207489,,,
577780,59033,207491,,,
577783,59036,207494,,,
577784,59037,207495,,,
577785,59038,207496,,,
577786,59039,207497,,,
577787,59040,207498,,,
577788,59041,207499,,,
577790,59044,207502,,,
577791,59045,207503,,,
577793,59047,207505,,,
577794,59048,207506,,,
577797,58979,207443,,,
577798,58980,207444,,,
577799,59056,207513,,,
577800,59057,207514,,,
577802,59059,207516,,,
577803,59060,207517,,,
577804,59061,207518,,,
577806,59063,207520,,,
577807,59064,207521,,,
577808,59065,207522,,,
577809,59066,207523,,,
577810,59067,207524,,,
577811,59069,207526,,,
577815,59073,207529,,,
577816,59074,207530,,,
577817,59075,207531,,,
577818,59076,207532,,,
577820,59078,207534,,,
577821,59079,207535,,,
577822,59081,207537,,,
577823,59082,207538,,,
577824,59083,207539,,,
577825,59084,207540,,,
577827,59086,207542,,,
577828,59087,207543,,,
577829,59088,206950,,,
577830,59089,207544,,,
577831,59091,207546,,,
577832,59092,207547,,,
577834,59094,207549,,,
577835,59095,207550,,,
577836,59096,207542,,,
577837,59097,207551,,,
577838,59098,207552,,,
577839,59100,207554,,,
577841,59102,207556,,,
577842,59103,207557,,,
577843,59104,207558,,,
577844,59105,207559,,,
577845,59106,207560,,,
577846,59108,207241,,,
577848,59110,207563,,,
577849,59111,207564,,,
577850,59112,207565,,,
577852,59114,207567,,,
577853,59115,207568,,,
577855,59117,207570,,,
577856,59118,207571,,,
577857,59119,207572,,,
577858,59120,207573,,,
577860,59052,207509,,,
577862,59127,207580,,,
577863,59128,207581,,,
577864,59129,207582,,,
577865,59130,207052,,,
577866,59131,207583,,,
577867,59132,207584,,,
577869,59134,207586,,,
577870,59135,207587,,,
577871,59136,207588,,,
577872,59137,207589,,,
577873,59138,207342,,,
577874,59140,207591,,,
577876,59142,207593,,,
577877,59143,207594,,,
577878,59144,207595,,,
577879,59145,207596,,,
577880,59146,207597,,,
577881,59147,207598,,,
577883,59150,207601,,,
577884,59151,207602,,,
577885,59152,207603,,,
577886,59153,206934,,,
577887,59154,207604,,,
577888,59155,207605,,,
577890,59157,207607,,,
577891,59158,207175,,,
577892,59159,207608,,,
577893,59161,207610,,,
577894,59162,207611,,,
577895,59163,207612,,,
577898,59166,207615,,,
577899,59167,207616,,,
577900,59168,207617,,,
577901,59169,207618,,,
577902,59171,207620,,,
577904,59173,207622,,,
577905,59174,207623,,,
577906,59175,207624,,,
577907,59176,207072,,,
577909,59178,206951,,,
577910,59179,206978,,,
577911,59181,207627,,,
577913,59183,207628,,,
577914,59184,207629,,,
577915,59185,207630,,,
577916,59186,207631,,,
577917,59187,207632,,,
577918,59188,207633,,,
577920,59190,207342,,,
577921,59191,207635,,,
577922,59192,207636,,,
577923,59123,207576,,,
577924,59124,207577,,,
577925,59197,207641,,,
577927,59199,207643,,,
577928,59200,207644,,,
577929,59201,207645,,,
577930,59203,207647,,,
577931,59204,207648,,,
577932,59205,207649,,,
577934,59207,207651,,,
577935,59208,207652,,,
577936,59209,207653,,,
577937,59210,206984,,,
577938,59211,207654,,,
577939,59213,207241,,,
577941,59215,207657,,,
577942,59216,207658,,,
577943,59217,207659,,,
577944,59218,206934,,,
577945,59219,207660,,,
577946,59220,207661,,,
577948,59222,207663,,,
577949,59224,207665,,,
577950,59225,207666,,,
577951,59226,207667,,,
577952,59227,207668,,,
577955,59230,207671,,,
577956,59231,206934,,,
577957,59233,207673,,,
577958,59234,207674,,,
577960,59236,206984,,,
577962,59238,207493,,,
577963,59239,207292,,,
577964,59240,207676,,,
577965,59241,207677,,,
577966,59243,207678,,,
577967,59244,207679,,,
577969,59246,207292,,,
577970,59247,207681,,,
577971,59248,207682,,,
577972,59249,207683,,,
577973,59250,207684,,,
577974,59251,207685,,,
577976,59253,207686,,,
577977,59255,207688,,,
577978,59256,207689,,,
577979,59257,207690,,,
577980,59258,207691,,,
577981,59259,207692,,,
577983,59261,207694,,,
577984,59262,206934,,,
577985,59263,207695,,,
577986,59195,207639,,,
577987,59196,207640,,,
577988,59269,207701,,,
577990,59271,207702,,,
577991,59272,207703,,,
577992,59273,207704,,,
577993,59274,207705,,,
577994,59276,207707,,,
577995,59277,207708,,,
577997,59279,207710,,,
577998,59280,207711,,,
577999,59281,207712,,,
578001,59283,207713,,,
578002,59285,207715,,,
578004,59287,207716,,,
578005,59288,207241,,,
578006,59289,207717,,,
578007,59290,207718,,,
578008,59291,207719,,,
578009,59292,207720,,,
578011,59294,207722,,,
578012,59296,207724,,,
578013,59298,207725,,,
578014,59299,207726,,,
734260,57175,179895,,,
412532,48752,139588,,,
578016,59301,207728,,,
578017,59302,207729,,,
578019,59304,207731,,,
578020,59305,207732,,,
578023,59309,207736,,,
578024,59310,207737,,,
578026,59313,207740,,,
578028,59315,207742,,,
578029,59316,207743,,,
578030,59318,207745,,,
578031,59319,207746,,,
578033,59322,207749,,,
578034,59323,207750,,,
578035,59324,207751,,,
578036,59325,207752,,,
578037,59326,207753,,,
578038,59327,207754,,,
578042,59332,207759,,,
578043,59333,207760,,,
578044,62784,210758,,,
578045,59266,207698,,,
578047,59338,207765,,,
578048,59339,207766,,,
578049,59340,207767,,,
578050,59341,207768,,,
578052,59343,207770,,,
578054,59345,207772,,,
578055,59346,207773,,,
578056,59348,207775,,,
578057,59349,207776,,,
578058,59350,207777,,,
578059,59351,207778,,,
578061,59353,207780,,,
578062,59355,207782,,,
578064,59357,207784,,,
578065,59358,207785,,,
578066,59359,207786,,,
578067,59360,207787,,,
578069,59361,207788,,,
578070,59362,207789,,,
578071,59364,207791,,,
578072,59365,207792,,,
578073,59366,207793,,,
578074,59367,207794,,,
578076,59370,207797,,,
578077,59371,207798,,,
578078,59372,207799,,,
578079,59373,207800,,,
578080,59374,207801,,,
578081,59375,207802,,,
578083,59377,207804,,,
578084,59378,207805,,,
578085,59380,207807,,,
578086,59381,207808,,,
578087,59382,207809,,,
578088,59383,207810,,,
578091,59386,206934,,,
578093,59389,207814,,,
578094,59390,207815,,,
578095,59391,207816,,,
578097,59393,207818,,,
578098,59394,207819,,,
578100,59396,207821,,,
578101,59397,207822,,,
578102,59398,207823,,,
578104,59400,206924,,,
578105,59401,206934,,,
578107,59335,207762,,,
578108,59337,207764,,,
578109,59406,207829,,,
578111,59408,207831,,,
578112,59410,207833,,,
578113,59411,207834,,,
578114,59412,207835,,,
578115,59413,207836,,,
578116,59414,207837,,,
578118,59416,207839,,,
578119,59417,207840,,,
578120,59418,207841,,,
578121,59419,207842,,,
578125,59424,207847,,,
578127,59426,207849,,,
578128,59427,207850,,,
578129,59428,207851,,,
578130,59429,207852,,,
578131,59432,207855,,,
578132,59433,207856,,,
578134,59435,207858,,,
578135,59436,207859,,,
578136,59437,207860,,,
578137,59438,207861,,,
578139,59440,207863,,,
578141,59443,207866,,,
578142,59444,207867,,,
578143,59445,207868,,,
578144,59446,207869,,,
578145,59447,207870,,,
578146,59448,206934,,,
578148,59450,207872,,,
578149,59451,207873,,,
578150,59453,207875,,,
578151,59454,207876,,,
578152,59455,207877,,,
578153,59456,207878,,,
578155,59458,207880,,,
578156,59459,207881,,,
578158,59462,206934,,,
578159,59463,207884,,,
578162,59466,207887,,,
578163,59467,207888,,,
578164,59468,207889,,,
578165,59469,207890,,,
578166,59470,207891,,,
578169,59404,207827,,,
578170,59405,207828,,,
578171,59477,207898,,,
578172,59478,207899,,,
578173,59479,207900,,,
578174,59481,207052,,,
578176,59483,207903,,,
578177,59484,207904,,,
578178,59485,207905,,,
578179,59486,207906,,,
578181,59489,207909,,,
578183,59491,206934,,,
578184,59492,207911,,,
578185,59493,207912,,,
578186,59494,207913,,,
578187,59496,207915,,,
578188,59497,207916,,,
578190,59499,207918,,,
578191,59500,207919,,,
578192,59501,207920,,,
578194,59503,207922,,,
578195,59504,207923,,,
578197,59507,207926,,,
578198,59508,207927,,,
578199,59509,207072,,,
578200,59510,207928,,,
578201,59511,207929,,,
578202,59512,207930,,,
578204,59514,207932,,,
578205,59515,207933,,,
578207,59518,207935,,,
578208,59519,207936,,,
578209,59520,207937,,,
578211,59522,207939,,,
578213,59524,207941,,,
578214,59525,207942,,,
578216,59527,207944,,,
578218,59529,207946,,,
578219,59530,207947,,,
578220,59531,207948,,,
578222,59534,207951,,,
578225,59537,207954,,,
578228,59540,207241,,,
578230,59542,207956,,,
578231,59543,207957,,,
578232,59475,207896,,,
578234,59549,207963,,,
578235,59550,207964,,,
578236,59552,207966,,,
578237,59553,207967,,,
578238,59554,207968,,,
578239,59555,206934,,,
578241,59557,207970,,,
578242,59558,207971,,,
578243,59559,207972,,,
578244,59560,207973,,,
578245,59562,207975,,,
578246,59563,207976,,,
578248,59565,207978,,,
578249,59566,207979,,,
578250,59567,207980,,,
578251,59568,207981,,,
578252,59569,207241,,,
578253,59570,207982,,,
578256,59574,207986,,,
578257,59575,206934,,,
578258,59576,207987,,,
578259,59577,207988,,,
578263,59581,207991,,,
578264,59583,207993,,,
578265,59584,207994,,,
578266,59585,207995,,,
578267,59586,207996,,,
578269,59588,207998,,,
578270,59589,207999,,,
578272,59591,208001,,,
578274,59594,208004,,,
578276,59596,208006,,,
578277,59597,208007,,,
578278,59598,208008,,,
578279,59599,208009,,,
578281,59601,208011,,,
578283,59603,208013,,,
578284,59604,206934,,,
578285,59605,208014,,,
578286,59607,208016,,,
578287,59608,208017,,,
578292,59613,208022,,,
578294,59615,208023,,,
578295,59546,207960,,,
578298,59620,207902,,,
578299,59621,208028,,,
578300,59622,208029,,,
578302,59624,206934,,,
578304,59628,208033,,,
578305,59629,208034,,,
578306,59630,208035,,,
578307,59631,208036,,,
578308,59632,208037,,,
578309,59633,208038,,,
578311,59636,208041,,,
578312,59637,208042,,,
578313,59638,208043,,,
578314,59639,208044,,,
578315,59640,208045,,,
578316,59641,208046,,,
578318,59643,207241,,,
578319,59644,208048,,,
578320,59645,208049,,,
578321,59646,208050,,,
578322,59648,207241,,,
578323,59649,208052,,,
578325,59651,208054,,,
578326,59652,207241,,,
578327,59653,207241,,,
578328,59654,207241,,,
578329,59655,208055,,,
578330,59656,208056,,,
578332,59659,208059,,,
578333,59660,208060,,,
578334,59661,208061,,,
578335,59662,208062,,,
578337,59664,208064,,,
578338,59665,208065,,,
578339,59666,208066,,,
578341,59669,208068,,,
578342,59670,208069,,,
578343,59671,208070,,,
578345,59673,208072,,,
578346,59674,208073,,,
578348,59676,208075,,,
578349,59677,208076,,,
578350,59679,208078,,,
578351,59680,208079,,,
578352,59681,208080,,,
578353,59682,208081,,,
578355,59684,208083,,,
578356,59685,208084,,,
578357,59686,208085,,,
578358,59617,208025,,,
578359,59618,208026,,,
578360,59691,207843,,,
578362,59693,208090,,,
578363,59694,208091,,,
578364,59695,208092,,,
578365,59696,208093,,,
578367,59699,208096,,,
578369,59701,208098,,,
578370,59702,208099,,,
578371,59703,208100,,,
578372,59705,208102,,,
578373,59706,208103,,,
578374,59707,208104,,,
578376,59709,208106,,,
578377,59710,208107,,,
578378,59711,208108,,,
578379,59712,208109,,,
578380,59713,208110,,,
578381,59714,208111,,,
578383,59717,208114,,,
578385,59719,208116,,,
578386,59720,208117,,,
578387,59721,208118,,,
578388,59722,208119,,,
578390,59724,208121,,,
578391,59725,208122,,,
578392,59726,208123,,,
578393,59728,206934,,,
578394,59729,207826,,,
578395,59730,207241,,,
578397,59732,208126,,,
578398,59733,208127,,,
578400,59735,208129,,,
578404,59740,208134,,,
578405,59741,208135,,,
578406,59742,208136,,,
578407,59743,208137,,,
578408,59744,208138,,,
578409,59745,208139,,,
578411,59748,208142,,,
578413,59750,208144,,,
578414,59751,208145,,,
578415,59752,208146,,,
578416,59753,208147,,,
578418,59755,208148,,,
578419,59756,208149,,,
578420,59688,206924,,,
578421,59689,208087,,,
578423,59761,208154,,,
578425,59763,207241,,,
578427,59765,208156,,,
578428,59766,206934,,,
578429,59767,208157,,,
578430,59768,208158,,,
578432,59772,208162,,,
578434,59774,208164,,,
578436,59776,206950,,,
578437,59777,208166,,,
578440,59781,208170,,,
578441,59780,208169,,,
578442,59783,208172,,,
578444,59785,208174,,,
578445,59786,208175,,,
578446,59787,208176,,,
578448,59789,208178,,,
578449,59791,208180,,,
578450,59792,208181,,,
578452,59795,208184,,,
578453,59796,208185,,,
578455,59798,208187,,,
578456,59799,208188,,,
578457,59800,208189,,,
578458,59801,208190,,,
578459,59802,208191,,,
578460,59803,208192,,,
578462,59805,206984,,,
578463,59806,208194,,,
578464,59807,208195,,,
578465,59809,206934,,,
578466,59810,208196,,,
578467,59812,206950,,,
578469,59814,208199,,,
578470,59815,208200,,,
578471,59816,208201,,,
578472,59817,208202,,,
578473,59819,208204,,,
578474,59820,208205,,,
578476,59822,207241,,,
578477,59823,208207,,,
578478,59824,208208,,,
578479,59825,208209,,,
578480,59826,208210,,,
578481,59758,208151,,,
578483,59830,208214,,,
578485,59832,208216,,,
578486,59833,208217,,,
578488,59835,208219,,,
578490,59837,208221,,,
578491,59838,208222,,,
578492,59839,207241,,,
578493,59841,208224,,,
578494,59842,208225,,,
578495,59844,208227,,,
578497,59846,208229,,,
578498,59847,207605,,,
578499,59848,208230,,,
578500,59849,208231,,,
578502,59851,207522,,,
578504,59854,208235,,,
578507,59857,208238,,,
578508,59858,208239,,,
578511,59861,208242,,,
578512,59862,208243,,,
578513,59863,208244,,,
578514,59864,208245,,,
578515,59866,208247,,,
578516,59867,208248,,,
578518,59869,208250,,,
578519,59870,208251,,,
578521,59872,208253,,,
578522,59873,208254,,,
578523,59874,208255,,,
578525,59877,208258,,,
578526,59878,208259,,,
578527,59879,208260,,,
578528,59880,208261,,,
578529,59881,208262,,,
578530,59882,208263,,,
578532,59884,208265,,,
578533,59885,208266,,,
578534,59887,208268,,,
578535,59888,208269,,,
578536,59889,208270,,,
578537,59890,208271,,,
578539,59892,208273,,,
578540,59893,208274,,,
578541,59894,208275,,,
578542,59896,208277,,,
578543,59827,208211,,,
578544,59828,208212,,,
578546,59902,208283,,,
578547,59903,208284,,,
578548,59904,208285,,,
578551,59907,208288,,,
578552,59908,208289,,,
578553,59909,208290,,,
578555,59912,208293,,,
578556,59913,208294,,,
578557,59914,208295,,,
578559,59916,208297,,,
578560,59917,208298,,,
578562,59919,207241,,,
578563,59920,208300,,,
578564,59922,208302,,,
578565,59923,208303,,,
578566,59924,208304,,,
578567,59925,208305,,,
578569,59927,208307,,,
578570,59928,208308,,,
578571,59929,208309,,,
578572,59930,208310,,,
578573,59931,208311,,,
578574,59932,208312,,,
578578,59937,208315,,,
578580,59939,208316,,,
578583,59942,207605,,,
578584,59944,208320,,,
578585,59945,208321,,,
578586,59946,208322,,,
578588,59948,208324,,,
578590,59950,208326,,,
578591,59951,208327,,,
578592,59952,208328,,,
578594,59955,208330,,,
578597,59958,208333,,,
578598,59959,208334,,,
578599,59960,208335,,,
578600,59961,207788,,,
578601,59962,208320,,,
578602,59963,208336,,,
578605,59967,208340,,,
578606,59898,208279,,,
578607,59899,208280,,,
578609,59973,208346,,,
578611,59975,208348,,,
578612,59976,208349,,,
578613,59977,208350,,,
578614,59978,208351,,,
578615,59980,206934,,,
578616,59981,208353,,,
578618,59985,208357,,,
578619,59987,208359,,,
578620,59988,208360,,,
578621,59989,208361,,,
578622,59986,208358,,,
578623,59990,208362,,,
578625,59992,208364,,,
578626,59993,206934,,,
578627,59994,208365,,,
578628,59995,208366,,,
578629,59997,208368,,,
578630,59998,208369,,,
578632,60000,208371,,,
578633,60001,208372,,,
578634,60002,207539,,,
578635,60003,208373,,,
578636,60004,208374,,,
578637,60005,206934,,,
578639,60008,208377,,,
578640,60009,208378,,,
578642,60011,208380,,,
578643,60012,208381,,,
578644,60013,208382,,,
578646,60015,208383,,,
578647,60016,208384,,,
578648,60018,208386,,,
578649,60019,208387,,,
578650,60020,208388,,,
578651,60021,208389,,,
578653,60023,208391,,,
578654,60024,208392,,,
578655,60025,207241,,,
578656,60026,208393,,,
578658,60029,208396,,,
578659,60030,208397,,,
578660,60031,208398,,,
578662,60033,208400,,,
578663,60034,208401,,,
578664,60035,208402,,,
578665,60036,208403,,,
578666,59969,208342,,,
578667,59970,208343,,,
578669,60042,208409,,,
578670,60043,207241,,,
578671,60044,208410,,,
578673,60046,208412,,,
578674,60047,208413,,,
578676,60049,208415,,,
578677,60050,208416,,,
578678,60051,208417,,,
578680,60054,208420,,,
578681,60055,208421,,,
578683,60057,208423,,,
578684,60058,208424,,,
578685,60059,208425,,,
578687,60061,208427,,,
578688,60063,208429,,,
578691,60066,208432,,,
578692,60067,208433,,,
578693,60068,208434,,,
578694,60069,207241,,,
578695,60070,208435,,,
578697,60073,208438,,,
578698,60074,208439,,,
578699,60075,208440,,,
578700,60076,208441,,,
578702,60078,208443,,,
578704,60080,208444,,,
578706,60083,208446,,,
578707,60084,208447,,,
578708,60085,206934,,,
578709,60086,208448,,,
578711,60088,208450,,,
578713,60090,208452,,,
578714,60091,208453,,,
578715,60093,208454,,,
578716,60094,208455,,,
578718,60096,208457,,,
578719,60097,208458,,,
578720,60098,208459,,,
578721,60099,208460,,,
578722,60100,208461,,,
578723,60101,208462,,,
578725,60103,208464,,,
578727,60105,208466,,,
578728,60107,208468,,,
578729,60108,208469,,,
578730,60038,208405,,,
578732,60113,208473,,,
578733,60114,208474,,,
578734,60115,206934,,,
578735,60116,208475,,,
578736,60117,208476,,,
578737,60118,208477,,,
578739,60121,208480,,,
578740,60122,208481,,,
578741,60123,208482,,,
578742,60124,208483,,,
578744,60126,208485,,,
578746,60128,208487,,,
578747,60129,208488,,,
578748,60130,208489,,,
578749,60131,208490,,,
578750,60133,208492,,,
578751,60134,208493,,,
578753,60136,208495,,,
578754,60137,208496,,,
578755,60138,208497,,,
578756,60139,208498,,,
578758,60141,208500,,,
578760,60143,208502,,,
578761,60145,208503,,,
578762,60146,208504,,,
578763,60147,208505,,,
578765,60149,208507,,,
578766,60150,208508,,,
578769,60153,208511,,,
578770,60155,208513,,,
578771,60156,208514,,,
578772,60157,208515,,,
578773,60158,208516,,,
578774,60159,208517,,,
578776,60161,208519,,,
578777,60162,208520,,,
578778,60164,208522,,,
578779,60165,208523,,,
578780,60166,208524,,,
578781,60167,208525,,,
578783,60169,208527,,,
578784,60170,208528,,,
578785,60171,208529,,,
578786,60172,208530,,,
578787,60173,208531,,,
578788,60174,208532,,,
578790,60110,208471,,,
578791,54294,184799,,,
578792,54294,184979,,,
578793,54294,192271,,,
578794,54294,192334,,,
578795,54294,192269,,,
578797,54294,184807,,,
578798,54294,192839,,,
578800,60183,208540,,,
578802,60185,208542,,,
578804,60187,208543,,,
578806,60189,207730,,,
578807,60190,208545,,,
578808,60191,208546,,,
578809,60192,208547,,,
578811,60195,208549,,,
578813,60197,208550,,,
578814,60198,208551,,,
578815,60199,208552,,,
578816,60200,208553,,,
578818,60202,208555,,,
578820,60205,208557,,,
578821,60206,208558,,,
578822,60207,208559,,,
578826,60211,208563,,,
578827,60212,208564,,,
578828,60213,208565,,,
578829,60214,208566,,,
578830,60216,208568,,,
578832,60218,208570,,,
578833,60219,208571,,,
578834,60220,208572,,,
578835,60221,208573,,,
578836,60222,208574,,,
578837,60223,208575,,,
578840,60227,208579,,,
578841,60228,208580,,,
578842,60229,208581,,,
578843,60230,208582,,,
578844,60231,208583,,,
578846,60233,208429,,,
578847,60234,208584,,,
578848,60235,208585,,,
578849,60237,208587,,,
578850,60238,208588,,,
578851,60239,208589,,,
578853,60241,208591,,,
578854,60242,208592,,,
578855,60243,208593,,,
578856,60244,208594,,,
578857,60245,208595,,,
578858,60179,208537,,,
578860,60249,208599,,,
578861,60250,208600,,,
578862,60252,206934,,,
578863,60253,207782,,,
578864,60254,208602,,,
578865,60255,208603,,,
578867,60257,208605,,,
578868,60258,208606,,,
578869,60259,208607,,,
578870,60260,208608,,,
578872,60263,206934,,,
578873,60267,208613,,,
578874,60268,208614,,,
578876,60270,208616,,,
578878,60272,208618,,,
578879,60273,208619,,,
578880,60274,208620,,,
578881,60275,208621,,,
578883,60277,208623,,,
578884,60278,208624,,,
578885,60279,208625,,,
578886,60280,208626,,,
578887,60281,208627,,,
578888,60282,208628,,,
578890,60284,208629,,,
578891,60285,208630,,,
578892,60286,208631,,,
578893,60287,208155,,,
578894,60288,208632,,,
578895,60289,208633,,,
578897,60291,208635,,,
578898,60292,208636,,,
578899,60293,208637,,,
578900,60294,208638,,,
578901,60295,208639,,,
578904,60298,208642,,,
578905,60299,208643,,,
578906,60300,208644,,,
578907,60301,208645,,,
578908,60302,208646,,,
578909,60303,208647,,,
578911,60305,208648,,,
578912,60307,208650,,,
578913,60308,208651,,,
578914,60309,208652,,,
578915,60310,208653,,,
578916,60311,208654,,,
578918,60313,208656,,,
578919,60314,208657,,,
578920,60315,208658,,,
578922,60247,208597,,,
578923,60248,208598,,,
578925,60323,208666,,,
578926,60324,208667,,,
578927,60325,208668,,,
578928,60326,208669,,,
578929,60327,208670,,,
578930,60329,208672,,,
578932,60331,208673,,,
578933,60333,208675,,,
578935,60335,208677,,,
578936,60336,208678,,,
578937,60337,208679,,,
578939,60339,208681,,,
578940,60340,208682,,,
578941,60342,208684,,,
578943,60344,208686,,,
578944,60345,208687,,,
578946,60347,208689,,,
578947,60348,208690,,,
578948,60349,208691,,,
578949,60350,208692,,,
578951,60353,208695,,,
578953,60355,208697,,,
578954,60356,208698,,,
578955,60357,208699,,,
578956,60359,208701,,,
578957,60360,208702,,,
578958,60361,208703,,,
578960,60362,208704,,,
578961,60363,208705,,,
578962,60364,208706,,,
578964,60367,208709,,,
578965,60368,208710,,,
578967,60370,208712,,,
578968,60371,208713,,,
578969,60372,208714,,,
578970,60373,208715,,,
578971,60375,208717,,,
578972,60376,208718,,,
578975,60380,208721,,,
578977,60382,208320,,,
734267,57175,180046,,,
412539,48752,104735,,,
578979,60384,208724,,,
578980,60385,208725,,,
578982,60387,208727,,,
578983,60388,208728,,,
578984,60389,208729,,,
578985,60319,208662,,,
578986,60320,208663,,,
578987,60423,208760,,,
578990,60426,208763,,,
578991,60390,208730,,,
578992,60391,208731,,,
578993,60392,208732,,,
578994,60393,208733,,,
578996,60395,208734,,,
578997,60397,208736,,,
578998,60398,208737,,,
578999,60399,208738,,,
579000,60400,208739,,,
579001,60401,208740,,,
579003,60403,208742,,,
579004,60404,208743,,,
579006,60406,208745,,,
579007,60407,208706,,,
579009,60409,208747,,,
579011,60411,208749,,,
579012,60412,208750,,,
579013,60413,208751,,,
579014,60428,208765,,,
579016,60430,208767,,,
579018,60432,208769,,,
579019,60433,208770,,,
579020,60434,208771,,,
579021,60436,207052,,,
579022,60414,208752,,,
579023,60437,206984,,,
579025,60439,208774,,,
579026,60440,208775,,,
579028,60443,208778,,,
579029,60444,208779,,,
579030,60416,208754,,,
579032,60418,207342,,,
579033,60445,208780,,,
579034,60446,208781,,,
579035,60447,206934,,,
579037,60450,208783,,,
579039,60453,208786,,,
579040,60454,207542,,,
579041,60455,208787,,,
579042,60456,208788,,,
579043,60457,208789,,,
579044,60458,208790,,,
579046,60460,208791,,,
579047,60420,208757,,,
579049,60464,208795,,,
579050,60465,206934,,,
579051,60466,208796,,,
579053,60469,208798,,,
579054,60470,208799,,,
579055,60471,208800,,,
579056,60472,208801,,,
579057,60474,208803,,,
579058,60475,208804,,,
579060,60477,208806,,,
579061,60478,208807,,,
579062,60480,208808,,,
579063,60481,208809,,,
579064,60482,208810,,,
579065,60483,206934,,,
579067,60485,208812,,,
579068,60486,208813,,,
579069,60487,208814,,,
579071,60489,208816,,,
579072,60491,208817,,,
579074,60493,207826,,,
579075,60494,208819,,,
579076,60496,208821,,,
579077,60497,208822,,,
579078,60498,208823,,,
579081,60501,208429,,,
579083,60504,207522,,,
579084,60495,208820,,,
579087,60506,208829,,,
579088,60507,208830,,,
579090,60510,208833,,,
579091,60511,208834,,,
579092,60512,208835,,,
579093,60517,208839,,,
579094,60518,208840,,,
579095,60519,208841,,,
579097,60514,208837,,,
579098,60515,208838,,,
579099,60516,208429,,,
579100,60520,208842,,,
579101,60522,208844,,,
579104,60525,208847,,,
579105,60526,208848,,,
579106,60527,207292,,,
579107,60528,208849,,,
579108,60529,208850,,,
579109,60530,208851,,,
579111,60533,208853,,,
579112,60462,208793,,,
579113,60463,208794,,,
579114,60537,208857,,,
579115,60539,208859,,,
579116,60540,208860,,,
579118,60542,208862,,,
579119,60543,208863,,,
579121,60545,208865,,,
579122,60546,208866,,,
579123,60547,208867,,,
579125,60549,208868,,,
579127,60552,208871,,,
579128,60553,208872,,,
579129,60554,208873,,,
579130,60555,208874,,,
579132,60557,208876,,,
579133,60558,208877,,,
579134,60559,208878,,,
579135,60560,208879,,,
579136,60561,208880,,,
579137,60563,208882,,,
579139,60565,208884,,,
579140,60566,208807,,,
579141,60567,208885,,,
579142,60568,208886,,,
579144,60570,208888,,,
579147,60574,208891,,,
579151,60578,208895,,,
579153,60580,208897,,,
579154,60581,207782,,,
579155,60582,208898,,,
579156,60583,207782,,,
579157,60585,208900,,,
579158,60586,208901,,,
579160,60588,208903,,,
579161,60589,207413,,,
579162,60590,208904,,,
579163,60591,208905,,,
579164,60592,208906,,,
579165,60593,208907,,,
579167,60596,208910,,,
579168,60597,208911,,,
579169,60599,208913,,,
579170,60600,208914,,,
579172,60602,208916,,,
579174,60535,208855,,,
579175,36100,176543,,,
579176,36100,176030,,,
579177,36100,179509,,,
579178,36100,176204,,,
579179,36100,172428,,,
579181,60609,208923,,,
579182,60610,208924,,,
579183,60611,208925,,,
579184,60612,208926,,,
579185,60614,208928,,,
579188,60617,208930,,,
579189,60619,208932,,,
579190,60620,208933,,,
579193,60623,208935,,,
579195,60625,208937,,,
579197,60627,208939,,,
579198,60628,208940,,,
579199,60629,208941,,,
579200,60630,208942,,,
579201,60631,208943,,,
579202,60633,208945,,,
579204,60635,208947,,,
579205,60636,208948,,,
579206,60637,208949,,,
579207,60638,208950,,,
579208,60639,207292,,,
579209,60640,208951,,,
579212,60644,208955,,,
579213,60645,208956,,,
579214,60646,208957,,,
579215,60647,208958,,,
579216,60648,208959,,,
579218,60650,208961,,,
579219,60651,208962,,,
579220,60653,208964,,,
579221,60654,208965,,,
579222,60655,208966,,,
579223,60656,208967,,,
579225,60658,208969,,,
579226,60659,208970,,,
579227,60660,208971,,,
579228,60661,208972,,,
579229,60662,208973,,,
579230,60664,208975,,,
579232,60666,207292,,,
579233,60667,208977,,,
579234,60668,208978,,,
579236,60670,206934,,,
579237,60672,208981,,,
579239,60674,208982,,,
579240,60675,208983,,,
579241,60676,208984,,,
579242,60606,208920,,,
579243,60607,208921,,,
579244,60679,208194,,,
579246,60681,207821,,,
579247,60682,208988,,,
579248,60683,208873,,,
579249,60684,208989,,,
579250,60686,208990,,,
579251,60687,208991,,,
579253,60689,208993,,,
579254,60690,208994,,,
579256,60692,208996,,,
579257,60693,208997,,,
579260,60697,209001,,,
579261,60698,209002,,,
579262,60699,209003,,,
579263,60700,209004,,,
579264,60701,209005,,,
579267,60706,207782,,,
579268,60707,209010,,,
579270,60709,209012,,,
579271,60710,207292,,,
579272,60711,209013,,,
579274,60713,209015,,,
579275,60714,209016,,,
579278,60718,207241,,,
579279,60719,209020,,,
579281,60721,209022,,,
579282,60722,207539,,,
579283,60723,209023,,,
579284,60724,208800,,,
579285,60725,209024,,,
579286,60726,209025,,,
579288,60728,209027,,,
579289,60730,209029,,,
579290,60731,209030,,,
579291,60732,209031,,,
579292,60733,209032,,,
579293,60734,209033,,,
579295,60736,208607,,,
579296,60737,209035,,,
579297,60738,209036,,,
579298,60739,209037,,,
734274,57175,180339,,,
412546,48752,129814,,,
579300,60742,209040,,,
579301,60743,209041,,,
579303,60745,209043,,,
579304,60746,209044,,,
579305,60677,208985,,,
579306,60678,208986,,,
579307,60750,209047,,,
579308,60751,209048,,,
579310,60754,209051,,,
579311,60755,209052,,,
579313,60757,209054,,,
579315,60759,209056,,,
579318,60762,206934,,,
579319,60763,209059,,,
579320,60765,207493,,,
579321,60766,209061,,,
579322,60767,209062,,,
579323,60768,209063,,,
579326,60771,209065,,,
579327,60772,209066,,,
579328,60774,209068,,,
579329,60775,209069,,,
579330,60776,209070,,,
579332,60778,209072,,,
579333,60779,209073,,,
579334,60780,209074,,,
579335,60784,209078,,,
579336,60782,209076,,,
579337,60783,209077,,,
579339,60786,209080,,,
579340,60787,209081,,,
579341,60788,209082,,,
579342,60789,209083,,,
579343,60790,209084,,,
579344,60791,209085,,,
579347,60794,209087,,,
579348,60796,209089,,,
579349,60797,209090,,,
579350,60798,209091,,,
579351,60799,208294,,,
579353,60801,209093,,,
579354,60802,209094,,,
579355,60803,209095,,,
579356,60804,209096,,,
579357,60805,209097,,,
579358,60807,209099,,,
579360,60809,209101,,,
579361,60810,208474,,,
579363,60812,209103,,,
579364,60813,209104,,,
579365,60814,209105,,,
579367,60816,209107,,,
579368,60817,209108,,,
579369,60749,206984,,,
579370,60821,209112,,,
579371,60822,209113,,,
579372,60823,209114,,,
579374,60825,209116,,,
579375,60826,209117,,,
579376,60828,208413,,,
579377,60829,209119,,,
579378,60830,209120,,,
579379,60831,209121,,,
579381,60833,209123,,,
579382,60834,209124,,,
579383,60835,209125,,,
579384,60836,209126,,,
579385,60837,209127,,,
579386,60838,209128,,,
579388,60841,209131,,,
579389,60842,209132,,,
579390,60843,209133,,,
579391,60844,209134,,,
579392,60845,209135,,,
579393,60846,209136,,,
579395,60848,209138,,,
579396,60849,209139,,,
579397,60851,209141,,,
579398,60852,209142,,,
579399,60853,209143,,,
579400,60854,209144,,,
579402,60856,209146,,,
579403,60857,209147,,,
579404,60858,209148,,,
579405,60859,209149,,,
579407,60862,209152,,,
579408,60863,209153,,,
579409,60864,209154,,,
579411,60866,209156,,,
579412,60867,206934,,,
579413,60868,209157,,,
579414,60869,209158,,,
579415,60870,209159,,,
579416,60871,209160,,,
579418,60874,209163,,,
579419,60875,209164,,,
579420,60876,209165,,,
579421,60877,209166,,,
579422,60878,209167,,,
579423,60879,209168,,,
579425,60881,209170,,,
579426,60882,209171,,,
579427,60885,209174,,,
579428,60886,209175,,,
579429,60819,209110,,,
579430,60820,209111,,,
579432,60891,209180,,,
579433,60893,209182,,,
579434,60894,209183,,,
579435,60895,209184,,,
579437,60897,209186,,,
579439,60899,209187,,,
579441,60901,209189,,,
579442,60903,209191,,,
579443,60904,209192,,,
579444,60905,209193,,,
579446,60907,209194,,,
579447,60908,209195,,,
579448,60909,209196,,,
579449,60910,209197,,,
579450,60911,209198,,,
579451,60912,209199,,,
579453,60915,209202,,,
579454,60917,209204,,,
579455,60918,209205,,,
579456,60919,209206,,,
579457,60920,209207,,,
579458,60921,209208,,,
579460,60923,209210,,,
579461,60924,209211,,,
579462,60926,209213,,,
579464,60928,209215,,,
579465,60929,209216,,,
579467,60931,209217,,,
579468,60932,209218,,,
579469,60933,209219,,,
579470,60934,209220,,,
579471,60936,209222,,,
579472,60937,209080,,,
579474,60939,209224,,,
579475,60940,209225,,,
579476,60941,209226,,,
579477,60942,209227,,,
579478,60943,206934,,,
579479,60944,209228,,,
579481,60946,209230,,,
579482,60947,207094,,,
579483,60949,209232,,,
579484,60950,209233,,,
579485,60951,209022,,,
579486,60952,209234,,,
579488,60954,209236,,,
579489,60956,209238,,,
579490,60957,209239,,,
579492,60889,209178,,,
579493,60960,209242,,,
579495,60962,209244,,,
579496,60963,209245,,,
579497,60964,209246,,,
579498,60966,209248,,,
579500,60968,209250,,,
579502,60973,209254,,,
579503,60974,209255,,,
579504,60975,209256,,,
579505,60976,206934,,,
579506,60977,209257,,,
579507,60978,209258,,,
579509,60980,209260,,,
579510,60981,206934,,,
579511,60982,206934,,,
579512,60983,209261,,,
579514,60985,209262,,,
579515,60986,209263,,,
579516,60987,209264,,,
579518,60989,209266,,,
579519,60990,209267,,,
579520,60991,209268,,,
579521,60992,209269,,,
579522,60993,209270,,,
579523,60994,209271,,,
579525,60996,209273,,,
579526,60997,209274,,,
579527,60998,209275,,,
579528,60999,209276,,,
579529,61000,209277,,,
579530,61002,209279,,,
579532,61004,209281,,,
579533,61005,208977,,,
579534,61006,209282,,,
579535,61007,209283,,,
579536,61008,209284,,,
579537,61010,209286,,,
579539,61012,209288,,,
579540,61013,209289,,,
579541,61014,209290,,,
579542,61015,209291,,,
579543,61016,208800,,,
579546,61020,209295,,,
579547,61021,209296,,,
579548,61022,209297,,,
579550,61024,209299,,,
579551,61025,209300,,,
579553,61027,209302,,,
579555,60959,209241,,,
579557,61034,209307,,,
579558,61035,209308,,,
579560,61037,209310,,,
579561,61038,209311,,,
579562,61039,209312,,,
579563,61041,209313,,,
579564,61042,209314,,,
579565,61043,209315,,,
579567,61046,209318,,,
579570,61049,209320,,,
579571,61050,209321,,,
579574,61053,209324,,,
579575,61054,209325,,,
579576,61055,209326,,,
579577,61057,209328,,,
579578,61058,209329,,,
579579,61059,209330,,,
579581,61061,208009,,,
579582,61062,209332,,,
579583,61063,209333,,,
579584,61064,209334,,,
579585,61065,209335,,,
579586,61066,209336,,,
579588,61069,209339,,,
579589,61071,209341,,,
579590,61072,209342,,,
579591,61070,209340,,,
579592,61073,209343,,,
579593,61074,209344,,,
579595,61076,209346,,,
579596,61078,209348,,,
579597,61079,209349,,,
579599,61081,209351,,,
579600,61082,209352,,,
579602,61084,209354,,,
579603,61085,208649,,,
579604,61087,209356,,,
579605,61088,206934,,,
579606,61089,209357,,,
579607,61090,209358,,,
579609,61092,209360,,,
579610,61093,209361,,,
579611,61094,209362,,,
579612,61095,209363,,,
579613,61097,209365,,,
579614,61098,209366,,,
579616,61040,207241,,,
579617,61103,209370,,,
579618,61104,209371,,,
579621,61107,209374,,,
579622,61108,209375,,,
579623,61109,209376,,,
579627,61114,209381,,,
579629,61116,209383,,,
579630,61117,209384,,,
579633,61120,209387,,,
579634,61122,209389,,,
579635,61123,209390,,,
579636,61124,209391,,,
579637,61125,206934,,,
579639,61127,209393,,,
579640,61128,209394,,,
579641,61129,208429,,,
579642,61130,207241,,,
579643,61131,209395,,,
579644,61133,209397,,,
579646,61135,209399,,,
579647,61136,209400,,,
579648,61137,209401,,,
579649,61138,209402,,,
579650,61139,209403,,,
579651,61140,209404,,,
579653,61142,208429,,,
579654,61144,209406,,,
579655,61145,209407,,,
579656,61146,209408,,,
579658,61148,209410,,,
579660,61150,209411,,,
579661,61151,209412,,,
579662,61152,209413,,,
579663,61154,209414,,,
579664,61155,209415,,,
579665,61156,206984,,,
579667,61158,209417,,,
579668,61159,209015,,,
579669,61160,209418,,,
579670,61161,209419,,,
579671,61163,208963,,,
579672,61164,209420,,,
579674,61166,209421,,,
579675,61167,209422,,,
579676,61168,209423,,,
579677,61169,209424,,,
579678,61170,209425,,,
579679,61171,209426,,,
579681,61176,209430,,,
579682,61177,209241,,,
579683,61178,209431,,,
579684,61179,209432,,,
579685,61180,209433,,,
579688,61183,209436,,,
579689,61184,209437,,,
579691,61187,209440,,,
579695,61191,209444,,,
579696,61192,206934,,,
579697,61193,206984,,,
579699,61195,207241,,,
579700,61197,209447,,,
579702,61199,209448,,,
579704,61201,209450,,,
579705,61202,209451,,,
579706,61203,209452,,,
579707,61205,207342,,,
579709,61207,209455,,,
579710,61208,209456,,,
579711,61209,209457,,,
579712,61211,209459,,,
579713,61212,207467,,,
579714,61213,209460,,,
579716,61215,209462,,,
579717,61216,209463,,,
579718,61217,209464,,,
579719,61218,206950,,,
579720,61220,206950,,,
579721,61221,209466,,,
579723,61223,209468,,,
579724,61224,209469,,,
579725,61225,206934,,,
579726,61226,209470,,,
579728,61229,209472,,,
579729,61230,209473,,,
579730,61231,209474,,,
579732,61233,209475,,,
579733,61234,209476,,,
579734,61235,209477,,,
579735,61236,209478,,,
579736,61237,209479,,,
579737,61238,208674,,,
579739,61240,209481,,,
579740,61242,209483,,,
579741,61243,209484,,,
579742,61173,209428,,,
579743,61174,209429,,,
579744,61247,209487,,,
579746,61250,209490,,,
579747,61251,209491,,,
579748,61252,209492,,,
579749,61253,209493,,,
579750,61254,209494,,,
579751,61255,209495,,,
579753,61257,209496,,,
579754,61258,209497,,,
579755,61260,209499,,,
579756,61261,209500,,,
579757,61262,209501,,,
579758,61263,209502,,,
579760,61265,209504,,,
579761,61266,209505,,,
579763,61269,209508,,,
579764,61270,209509,,,
579765,61271,209510,,,
579767,61273,209512,,,
579768,61274,209513,,,
579769,61275,206934,,,
579770,61276,209418,,,
579771,61277,209326,,,
579772,61278,209514,,,
579774,61281,208674,,,
579775,61282,209517,,,
579776,61283,209518,,,
579777,61284,209519,,,
579778,61285,209520,,,
579779,61286,206984,,,
579781,61288,206984,,,
579782,61289,209522,,,
579783,61291,209524,,,
579784,61292,209525,,,
579785,61293,209526,,,
579786,61294,206934,,,
579788,61296,209528,,,
579789,61297,209529,,,
579790,61298,206934,,,
579791,61299,209530,,,
579792,61301,209532,,,
579793,61302,209533,,,
579795,61305,209536,,,
579796,61306,209537,,,
579797,61307,209538,,,
579798,61308,209539,,,
579799,61309,209540,,,
579800,61310,209541,,,
579802,61312,209543,,,
579803,61313,209544,,,
579804,61314,209545,,,
579806,61246,208674,,,
579807,61318,209549,,,
579809,61320,209551,,,
579812,61323,209552,,,
579814,61326,209555,,,
579816,61328,209557,,,
579817,61329,209558,,,
579818,61330,209559,,,
579819,61331,209560,,,
579820,61332,207342,,,
579821,61333,209561,,,
579823,61336,209564,,,
579824,61337,209565,,,
579825,61338,209566,,,
579826,61339,209567,,,
579827,61340,209353,,,
579828,61341,209568,,,
579830,61343,206934,,,
579832,61345,209569,,,
579833,61347,209571,,,
579836,61350,206934,,,
579837,61351,209574,,,
579839,61353,206984,,,
579840,61354,209015,,,
579841,61355,209576,,,
579842,61357,209578,,,
579843,61358,209579,,,
579844,61359,209580,,,
579846,61361,209581,,,
579847,61362,209582,,,
579848,61363,209583,,,
579849,61364,209584,,,
579850,61365,209585,,,
579851,61366,209586,,,
579853,61368,209588,,,
579854,61370,209590,,,
579855,61371,209591,,,
579856,61372,209592,,,
579857,61373,209593,,,
579858,61374,209594,,,
579860,61376,209596,,,
579861,61377,209597,,,
579862,61379,209599,,,
579863,61380,209600,,,
579864,61381,209601,,,
579865,61382,209602,,,
579867,61317,209548,,,
579869,61388,209608,,,
579871,61390,206934,,,
579872,61391,209610,,,
579874,61393,209612,,,
579875,61394,209613,,,
579876,61396,209615,,,
579878,61398,209617,,,
579879,61399,209618,,,
579882,61402,209621,,,
579883,61403,206934,,,
579884,61404,206934,,,
579885,61405,209622,,,
579888,61409,209626,,,
579889,61410,209627,,,
579890,61411,209628,,,
579891,61412,209629,,,
579892,61413,209630,,,
579893,61414,209631,,,
579895,61416,209633,,,
579896,61418,209635,,,
579897,61419,209015,,,
579898,61420,209636,,,
579899,61421,209637,,,
579900,61422,209638,,,
579902,61424,209640,,,
579903,61425,209641,,,
579904,61426,209642,,,
579905,61427,209643,,,
579906,61428,209644,,,
579907,61429,209645,,,
579909,61432,209647,,,
579911,61434,209649,,,
579912,61435,209650,,,
579913,61436,209651,,,
579914,61437,209652,,,
579916,61439,209654,,,
579917,61440,209655,,,
579918,61442,209657,,,
579919,61443,209658,,,
579920,61444,209659,,,
579921,61445,209660,,,
579923,61447,209662,,,
579924,61448,209492,,,
579925,61449,209663,,,
579926,61450,209664,,,
579927,61451,209665,,,
579930,61457,209670,,,
579931,61458,209671,,,
579933,61460,209673,,,
579935,61462,209675,,,
579937,61464,206934,,,
579938,61466,206984,,,
579939,61467,209678,,,
579940,61468,209679,,,
579942,61470,209681,,,
579943,61471,209682,,,
579944,61472,209683,,,
579946,61474,209684,,,
579947,61475,209685,,,
579948,61477,209686,,,
579949,61478,209687,,,
579950,61479,209688,,,
579951,61480,209689,,,
579953,61482,209691,,,
579954,61483,209692,,,
579955,61484,209693,,,
579956,61485,209694,,,
579957,61486,209695,,,
579958,61488,209697,,,
579960,61490,209699,,,
579961,61491,209700,,,
579962,61492,209701,,,
579963,61493,209702,,,
579964,61494,209703,,,
579967,61497,208673,,,
579968,61499,209706,,,
579969,61500,209707,,,
579970,61501,209708,,,
579972,61503,209710,,,
579974,61505,209712,,,
579975,61506,209713,,,
579976,61507,209714,,,
579977,61509,209716,,,
579978,61510,209717,,,
579979,61511,208429,,,
579981,61513,209719,,,
579982,61514,209720,,,
579983,61515,209721,,,
579984,61516,209722,,,
579985,61517,208034,,,
579986,61519,209724,,,
579988,61521,209726,,,
579989,61522,209727,,,
579990,61455,209669,,,
579991,61456,206934,,,
579992,61526,209731,,,
579993,61528,209733,,,
579995,61530,209735,,,
579996,61531,209736,,,
579997,61532,209737,,,
579998,61533,209738,,,
579999,61534,209739,,,
580000,61535,209740,,,
580002,61538,209743,,,
580003,61539,209744,,,
580005,61541,209746,,,
580006,61542,209747,,,
580007,61543,209748,,,
580009,61545,206934,,,
580010,61546,206934,,,
580011,61547,209750,,,
580012,61548,209751,,,
580014,61551,209754,,,
580016,61553,209756,,,
580017,61554,209757,,,
580018,61555,209758,,,
580019,61556,209759,,,
580020,61557,209760,,,
580021,61558,209761,,,
580023,61560,209763,,,
580024,61562,209765,,,
580025,61563,209766,,,
580026,61564,209767,,,
580027,61565,209768,,,
580028,61566,209769,,,
580030,61568,209771,,,
580031,61569,209772,,,
580033,61572,209775,,,
580034,61573,209776,,,
580035,61574,209777,,,
580037,61576,209779,,,
580038,61577,209780,,,
580039,61578,207482,,,
580040,61579,209781,,,
580041,61580,209782,,,
580042,61582,209784,,,
580045,61585,209787,,,
580046,61586,209788,,,
580047,61587,209789,,,
580049,61589,209791,,,
580050,61590,209792,,,
580051,61592,206934,,,
580054,61597,209797,,,
580055,61598,209798,,,
580056,61599,209799,,,
580057,61600,209800,,,
580058,61601,209801,,,
580060,61603,209803,,,
580061,61604,209804,,,
580062,61606,209806,,,
580063,61607,206934,,,
580065,61609,209808,,,
580067,61611,209810,,,
580068,61612,209811,,,
580069,61613,209812,,,
580070,61614,209813,,,
580071,61616,209815,,,
580072,61617,209816,,,
580074,61619,209817,,,
580075,61620,209818,,,
580076,61621,209819,,,
580077,61623,209820,,,
580078,61622,206984,,,
580079,61624,209821,,,
580081,61626,209823,,,
580082,61628,206984,,,
580083,61629,209824,,,
580084,61630,208396,,,
580085,61631,209825,,,
580086,61632,209826,,,
580088,61634,209828,,,
580089,61635,209829,,,
580090,61636,209830,,,
580091,61637,209831,,,
580093,61640,209833,,,
580096,61643,209835,,,
580097,61644,209836,,,
580098,61645,209837,,,
580099,61646,209838,,,
580100,61648,209840,,,
580102,61650,209841,,,
580103,61651,209842,,,
580105,61653,209844,,,
580106,61654,209845,,,
580107,61655,209846,,,
580109,61657,209848,,,
580110,61659,209850,,,
580111,61660,209851,,,
580112,61661,209852,,,
580113,61662,209569,,,
580114,61594,209794,,,
580116,61666,209856,,,
580117,61668,209858,,,
580118,61669,209859,,,
580119,61670,209860,,,
580120,61671,209541,,,
580121,61672,209861,,,
580123,61674,209863,,,
580124,61675,206984,,,
580125,61676,209864,,,
580126,61677,209865,,,
580127,61678,209866,,,
580128,61679,209867,,,
580130,61682,209868,,,
580131,61683,206984,,,
580132,61684,209869,,,
580133,61685,209870,,,
580134,61687,209872,,,
580135,61688,209873,,,
580137,61690,209874,,,
580138,61691,209875,,,
580139,61692,209876,,,
580140,61693,206984,,,
580141,61694,206934,,,
580142,61695,209877,,,
580144,61697,209879,,,
580145,61698,209880,,,
580146,61699,206934,,,
580147,61700,209881,,,
580148,61701,209882,,,
580149,61702,209883,,,
580151,61705,209886,,,
580152,61706,209887,,,
580153,61707,209888,,,
580154,61708,209889,,,
580156,61710,209891,,,
580157,61711,209892,,,
580158,61712,209893,,,
580160,61714,209895,,,
580161,61715,209896,,,
580162,61716,209897,,,
580163,61718,206934,,,
580164,61719,207932,,,
580165,61720,209899,,,
580167,61722,209901,,,
580168,61723,209902,,,
580169,61724,206934,,,
580170,61725,209903,,,
580171,61726,209904,,,
580172,61727,209905,,,
580174,61730,209908,,,
580175,61731,206934,,,
580177,61665,209855,,,
580178,61735,209912,,,
580181,61738,209915,,,
580182,61740,209917,,,
580183,61741,209918,,,
580184,61742,209919,,,
580185,61743,209920,,,
580186,61744,209921,,,
580188,61746,209923,,,
580190,61748,209925,,,
580191,61749,209926,,,
580192,61751,209928,,,
580193,61752,209929,,,
580196,61755,209932,,,
580197,61756,209933,,,
580198,61757,209934,,,
580199,61758,209935,,,
580200,61760,209937,,,
580202,61770,209944,,,
580203,61771,209945,,,
580204,61772,209946,,,
580206,61774,206984,,,
580207,61775,209948,,,
580209,61777,209950,,,
580210,61778,209951,,,
580211,61779,209952,,,
580212,61780,209953,,,
580213,61781,209954,,,
580214,61782,209955,,,
580216,61784,209957,,,
580217,61785,208121,,,
580218,61786,209958,,,
580219,61787,209844,,,
580220,61788,209959,,,
580221,61789,209757,,,
580223,61791,209961,,,
580225,61793,209963,,,
580226,61794,209964,,,
580227,61795,209965,,,
580228,61796,209966,,,
580230,61798,209968,,,
580231,61799,209969,,,
580232,61800,209970,,,
580233,61801,209971,,,
580234,61732,209909,,,
580235,61733,209910,,,
580237,61807,209976,,,
580238,61808,209022,,,
580239,61809,209977,,,
580240,61810,206934,,,
580241,61811,209978,,,
580242,61812,206934,,,
580244,61815,206984,,,
580245,61816,207241,,,
580246,61817,209981,,,
580247,61818,209982,,,
580248,61819,209983,,,
580249,61820,206984,,,
580251,61822,206984,,,
580252,61823,209985,,,
580254,61825,207342,,,
580255,61827,209987,,,
580259,61831,209991,,,
580260,61832,206934,,,
580261,61833,206950,,,
580263,61835,209022,,,
580264,61836,209993,,,
580267,61840,209997,,,
580268,61841,209998,,,
580269,61842,209999,,,
580270,61843,210000,,,
580272,61845,210002,,,
580274,61848,210005,,,
580275,61849,210006,,,
580276,61850,210007,,,
580277,61851,210008,,,
580278,61852,210009,,,
580281,61855,210012,,,
580282,61856,210013,,,
580283,61857,210014,,,
580284,61859,210016,,,
580286,61861,210018,,,
580288,61863,210019,,,
580290,61865,210021,,,
580291,61866,210022,,,
580292,61867,210023,,,
580293,61869,210024,,,
580295,61871,210025,,,
580296,61872,206984,,,
580298,61805,209974,,,
580299,61877,210030,,,
580300,61878,210031,,,
580302,61881,210034,,,
580303,61882,210035,,,
580304,61883,208474,,,
580305,61884,210036,,,
580306,61885,210037,,,
580307,61886,210038,,,
580309,61888,210040,,,
580310,61889,209549,,,
580311,61891,210042,,,
580312,61892,210043,,,
580313,61893,210044,,,
580314,61894,210045,,,
580316,61896,210047,,,
580317,61897,210048,,,
580318,61898,210049,,,
580319,61900,210051,,,
580320,61901,210052,,,
580321,61902,207465,,,
580323,61904,210054,,,
580324,61905,210055,,,
580325,61906,209098,,,
580326,61907,210056,,,
580327,61908,210057,,,
580328,61909,210058,,,
580330,61911,210060,,,
580331,61912,210061,,,
580332,61914,208166,,,
580333,61915,210063,,,
580334,61916,207342,,,
580335,61917,210064,,,
580337,61919,210065,,,
580339,61921,210067,,,
580340,61923,210069,,,
580341,61924,210070,,,
580342,61925,210071,,,
580344,61927,210073,,,
580345,61928,210074,,,
580348,61931,210076,,,
580349,61932,210077,,,
580351,61934,210079,,,
580352,61935,210080,,,
580353,61936,210081,,,
580354,61938,210083,,,
580355,61939,210084,,,
580356,61940,210085,,,
580358,61942,210087,,,
580359,61943,210088,,,
580360,61944,210089,,,
580361,61876,210029,,,
580363,61950,210094,,,
580366,61953,210097,,,
580367,61954,210098,,,
580368,61955,206934,,,
580370,61957,206984,,,
580371,61958,208807,,,
580372,61960,210100,,,
580374,61962,210102,,,
580375,61963,210103,,,
580376,61964,210104,,,
580377,61965,210105,,,
580379,61967,210106,,,
580381,61969,206934,,,
580382,61970,210108,,,
580383,61972,210110,,,
580384,61973,210111,,,
580385,61974,210112,,,
580386,61975,210113,,,
580388,61977,210115,,,
580389,61978,210116,,,
580390,61979,210117,,,
580393,61983,210121,,,
580395,61985,210123,,,
580396,61986,206984,,,
580397,61987,210124,,,
580398,61988,210125,,,
580399,61989,210126,,,
580400,61990,210127,,,
580402,61993,210130,,,
580403,61994,210131,,,
580404,61995,210132,,,
580406,61997,210134,,,
580407,61998,210135,,,
580409,62001,210138,,,
580410,62002,210139,,,
580411,62003,210140,,,
580413,62005,210141,,,
580414,62006,210142,,,
580416,62008,210144,,,
580417,62009,210145,,,
580418,62010,210146,,,
580419,62012,210148,,,
580420,62013,210149,,,
580423,61946,210091,,,
580424,61947,207511,,,
580425,62020,210155,,,
580426,62022,210157,,,
580427,62021,210156,,,
580428,62023,210158,,,
580430,62025,206984,,,
580431,62026,210160,,,
580432,62027,210161,,,
580433,62028,210162,,,
580434,62029,206984,,,
580435,62031,210164,,,
580437,62033,210166,,,
580438,62034,210167,,,
580439,62035,206984,,,
580440,62036,210168,,,
580441,62037,206934,,,
580444,62040,210170,,,
580445,62041,206950,,,
580446,62042,206984,,,
580447,62043,210171,,,
580448,62044,210172,,,
580449,62045,206984,,,
580451,62047,210174,,,
580452,62049,210176,,,
580453,62050,210177,,,
580454,62051,206934,,,
580455,62052,210178,,,
580456,62053,206984,,,
580458,62055,210179,,,
580459,62056,210180,,,
580460,62057,210181,,,
580461,62058,206984,,,
580462,62059,210182,,,
580463,62061,210184,,,
580465,62063,210186,,,
580466,62064,210187,,,
580468,62066,210189,,,
580469,62067,210190,,,
580470,62068,210191,,,
580472,62070,210192,,,
580473,62072,210194,,,
580474,62073,210195,,,
580475,62074,210196,,,
580477,62076,209178,,,
580478,62077,206984,,,
580479,62078,210198,,,
580481,62081,210200,,,
580482,62079,210199,,,
580483,62082,210201,,,
580485,62085,210204,,,
580486,62018,210154,,,
580488,62090,210208,,,
580490,62092,210210,,,
580491,62093,209480,,,
580492,62094,210211,,,
580493,62095,210212,,,
580495,62097,210214,,,
580497,62100,210216,,,
580498,62101,210217,,,
580499,62102,210218,,,
580500,62103,210219,,,
580502,62105,210221,,,
580503,62106,210222,,,
580504,62107,210223,,,
580505,62108,210224,,,
580506,62110,210225,,,
580507,62111,210226,,,
580509,62113,209893,,,
580510,62114,210227,,,
580511,62115,210228,,,
580512,62116,210229,,,
580513,62117,210230,,,
580514,62118,210231,,,
580516,62121,210234,,,
580518,62123,210236,,,
580519,62124,210237,,,
580520,62125,210238,,,
580521,62126,210239,,,
580524,62130,208212,,,
580525,62131,210243,,,
580526,62132,210244,,,
580527,62133,210245,,,
580528,62134,207782,,,
580530,62136,210247,,,
580531,62137,210248,,,
580532,62139,210250,,,
580533,62140,210251,,,
580537,62144,206984,,,
580539,62146,210252,,,
580540,62147,210253,,,
580541,62148,210254,,,
580542,62150,210256,,,
580544,62152,208807,,,
580545,62153,210258,,,
580547,62155,210260,,,
580548,62156,210261,,,
580551,62160,210265,,,
580552,62161,207451,,,
580553,62162,210266,,,
580554,62164,210268,,,
580555,62165,206950,,,
580558,62168,210271,,,
580559,62169,210272,,,
580560,62170,207596,,,
580562,62172,210273,,,
580563,62173,209022,,,
580565,62176,210274,,,
580566,62177,208807,,,
580567,62178,207826,,,
580569,62180,210275,,,
580570,62181,206984,,,
580572,62184,210278,,,
580573,62186,210280,,,
580574,62187,210281,,,
580575,62188,210282,,,
580576,62189,208107,,,
580577,62190,210283,,,
580579,62192,210285,,,
580580,62193,210286,,,
580581,62195,210288,,,
580582,62196,210289,,,
580584,62198,208674,,,
580585,62199,210291,,,
580586,62200,210292,,,
580588,62202,206950,,,
580589,62203,210293,,,
580590,62204,210294,,,
580591,62205,210295,,,
580592,62206,210296,,,
580593,62208,207292,,,
580595,62210,210299,,,
580596,62211,210300,,,
580597,62212,210301,,,
580598,62213,210302,,,
580599,62214,207499,,,
580600,62215,210303,,,
580602,62217,208807,,,
580603,62219,210305,,,
580605,62221,209405,,,
580606,62222,210307,,,
580607,62223,210308,,,
580609,62225,210310,,,
580610,62226,210311,,,
580611,62158,210263,,,
580612,62159,210264,,,
580614,62231,207821,,,
580616,62234,210316,,,
580617,62235,210317,,,
580619,62237,210318,,,
580620,62238,210319,,,
580621,62239,210320,,,
580624,62242,210322,,,
580625,62243,210323,,,
580626,62245,210325,,,
580630,62249,207493,,,
580631,62250,210327,,,
580632,62251,210328,,,
580633,62253,210329,,,
580634,62254,206984,,,
580638,62258,210331,,,
580639,62259,210332,,,
580640,62260,207651,,,
580641,62261,210333,,,
580642,62262,206934,,,
580644,62264,208009,,,
580645,62266,206984,,,
580646,62267,210336,,,
580647,62268,210337,,,
580649,62270,210338,,,
580651,62272,210340,,,
580652,62273,206934,,,
580653,62274,207342,,,
580654,62276,210342,,,
580656,62278,210344,,,
580658,62280,210346,,,
580659,62281,210347,,,
580660,62282,206924,,,
580661,62283,207159,,,
580662,62284,207342,,,
580663,62286,210349,,,
580665,62288,210351,,,
580667,62290,210353,,,
580668,62291,210354,,,
580669,62292,210355,,,
580670,62294,210357,,,
580672,62296,210358,,,
580673,62297,210359,,,
580674,62228,210312,,,
580675,62229,210313,,,
580676,62312,210371,,,
580677,62315,210373,,,
580679,62318,210376,,,
580680,62319,210377,,,
580681,62320,210378,,,
580682,62321,210379,,,
580683,62322,210380,,,
580684,62323,210381,,,
580686,62325,210383,,,
580687,62326,206934,,,
580688,62327,210384,,,
580689,62329,210386,,,
580691,62331,210388,,,
580692,62332,210389,,,
580693,62333,210323,,,
580695,62335,210390,,,
580697,62338,210393,,,
580698,62339,210394,,,
580699,62340,210395,,,
580700,62341,210396,,,
580702,62343,210398,,,
580703,62344,207241,,,
580704,62345,210399,,,
580705,62346,210400,,,
580706,62347,210401,,,
580707,62349,210402,,,
580709,62351,210404,,,
580711,62353,207241,,,
580712,62361,207493,,,
580713,62354,210406,,,
580714,62355,210407,,,
580718,62360,207241,,,
580719,62362,210412,,,
580720,62363,210413,,,
580721,62364,210414,,,
580723,62366,210416,,,
580724,62367,207473,,,
580725,62369,210418,,,
580726,62300,210361,,,
580727,62307,210367,,,
580730,62314,207651,,,
580731,62374,210423,,,
580732,62375,210424,,,
580733,62376,210425,,,
580734,62377,210426,,,
580735,62378,210420,,,
580737,62380,210428,,,
580738,62381,210429,,,
580739,62382,207596,,,
580740,62384,210431,,,
580741,62385,210432,,,
580742,62386,210433,,,
580745,62389,210436,,,
580746,62390,207270,,,
580747,62391,210437,,,
580748,62392,210438,,,
580749,62393,210439,,,
580751,62395,210441,,,
580752,62397,210443,,,
580754,62399,210445,,,
580755,62400,208795,,,
580756,62401,206984,,,
580758,62403,210447,,,
580759,62404,207451,,,
580760,62405,210448,,,
580761,62407,210450,,,
580762,62408,210451,,,
580763,62409,210452,,,
580765,62411,210454,,,
580766,62412,210455,,,
580767,62413,210456,,,
580768,62414,210457,,,
580769,62416,210459,,,
580772,62419,210462,,,
580773,62420,210463,,,
580774,62421,210464,,,
580775,62422,210465,,,
580776,62423,210466,,,
580779,62427,210469,,,
580780,62428,210470,,,
580781,62429,210471,,,
580782,62430,210472,,,
580783,62431,210473,,,
580784,62432,210474,,,
580786,62434,207206,,,
580787,62435,210476,,,
580788,62436,210477,,,
580789,62438,210479,,,
580790,62439,210480,,,
580791,62371,210420,,,
580793,62444,210485,,,
580794,62445,210486,,,
580795,62446,210487,,,
580796,62447,210488,,,
580798,62449,210490,,,
580799,62450,210491,,,
580800,62451,210492,,,
580802,62453,210494,,,
580803,62454,210495,,,
580804,62455,210496,,,
580805,62457,210498,,,
580806,62458,210499,,,
580807,62459,210500,,,
580809,62462,210503,,,
580810,62463,210504,,,
580811,62464,210505,,,
580813,62466,210507,,,
580814,62467,210508,,,
580817,62470,206924,,,
580818,62471,210511,,,
580819,62472,210512,,,
580821,62474,210514,,,
580823,62476,207493,,,
580824,62477,210516,,,
580825,62478,210517,,,
580826,62479,206984,,,
580827,62480,210518,,,
580830,62484,209893,,,
580831,62485,210522,,,
580832,62486,210523,,,
580833,62487,210524,,,
580834,62488,210525,,,
580835,62489,210526,,,
580837,62491,210528,,,
580838,62492,210529,,,
580839,62494,210531,,,
580840,62495,210532,,,
580841,62496,210533,,,
580842,62497,210534,,,
580844,62500,210537,,,
580845,62501,210538,,,
580846,62502,210539,,,
580847,62504,210029,,,
580848,62505,210541,,,
580849,62506,210542,,,
580852,62443,210484,,,
580854,62511,210547,,,
580855,62513,210549,,,
580856,62514,210550,,,
580858,62516,210552,,,
580859,62517,208150,,,
580860,62518,208150,,,
580861,62519,210553,,,
580862,62520,210554,,,
580863,62522,210556,,,
580865,62524,210558,,,
580866,62525,210559,,,
580867,62526,210560,,,
580868,62527,207241,,,
580869,62528,210561,,,
580870,62529,210562,,,
580872,62531,210564,,,
580874,62534,208294,,,
580875,62535,210567,,,
580876,62536,210568,,,
580877,62537,210569,,,
580879,62539,210571,,,
580880,62540,210572,,,
580881,62541,206984,,,
580882,62542,210573,,,
580884,62545,210574,,,
580886,62547,210575,,,
580887,62548,210576,,,
580888,62549,210577,,,
580889,62550,210578,,,
580890,62551,210579,,,
580891,62552,210580,,,
580893,62554,210582,,,
580894,62555,210583,,,
580895,62557,210585,,,
580896,62558,210586,,,
580897,62559,210587,,,
580900,62566,210592,,,
580901,62567,210593,,,
580902,62568,210594,,,
580903,62569,210595,,,
580906,62572,206984,,,
580907,62573,206984,,,
580909,62509,210545,,,
580910,62510,210546,,,
580911,62578,210601,,,
580912,62580,210327,,,
580913,62581,210603,,,
580914,62582,210604,,,
580916,62584,210606,,,
580917,62585,210607,,,
580918,62586,210608,,,
580919,62587,210609,,,
580920,62588,210610,,,
580921,62589,210611,,,
580923,62592,210614,,,
580924,62593,210615,,,
580925,62594,210616,,,
580926,62595,210462,,,
580927,62596,210617,,,
580928,62597,210462,,,
580930,62599,210619,,,
580931,62600,210620,,,
580932,62601,210621,,,
580934,62604,210624,,,
580935,62605,210625,,,
580937,62607,210626,,,
580938,62608,206984,,,
580939,62609,210627,,,
580940,62610,206984,,,
580941,62611,207241,,,
580942,62612,210628,,,
580944,62615,210631,,,
580945,62616,210632,,,
580946,62617,206984,,,
580947,62618,206984,,,
580948,62619,206984,,,
580949,62620,210633,,,
580951,62622,207292,,,
580952,62623,210635,,,
580953,62625,210310,,,
580954,62626,207152,,,
580955,62627,210637,,,
580956,62628,210638,,,
580958,62630,210640,,,
580959,62631,210641,,,
580960,62632,210642,,,
580961,62633,210643,,,
580962,62634,210644,,,
580963,62635,210645,,,
580965,62638,206984,,,
580966,62639,210648,,,
580967,62640,207487,,,
580968,62641,210649,,,
580969,62642,210650,,,
580970,62643,210651,,,
580973,62645,210653,,,
580974,62646,210654,,,
580975,62648,210656,,,
580976,62649,210657,,,
580977,62650,210658,,,
580979,62653,210661,,,
580981,62656,210664,,,
580982,62658,210666,,,
580983,62659,210667,,,
580984,62661,210669,,,
580986,62663,206984,,,
580987,62664,210670,,,
580988,62665,210671,,,
580989,62666,210672,,,
580990,62667,210673,,,
580991,62668,207435,,,
580993,62670,210675,,,
580994,62672,210677,,,
580995,62674,210679,,,
580996,62675,210680,,,
580997,62673,210678,,,
580998,62676,210681,,,
581000,62678,206984,,,
581001,62679,210683,,,
581002,62681,210685,,,
581003,62682,210686,,,
581004,62683,210687,,,
581005,62685,210689,,,
581008,62687,210691,,,
581009,62688,210692,,,
581010,62689,206984,,,
581012,62692,210694,,,
581013,62693,210695,,,
581014,62695,208318,,,
581016,62694,210696,,,
581017,62697,210698,,,
581018,62698,207542,,,
581019,62699,210699,,,
581020,62701,210700,,,
581021,62702,210701,,,
581023,62704,210703,,,
581024,62705,210310,,,
581025,62706,207673,,,
581026,62707,206984,,,
581027,62708,210704,,,
581028,62709,210705,,,
581030,62712,210707,,,
581031,62713,210708,,,
581032,62714,210709,,,
581033,62715,210710,,,
581034,62651,210659,,,
581035,62660,210668,,,
581037,62720,206984,,,
581038,62721,210658,,,
581039,62722,210714,,,
581040,62723,210715,,,
581042,62726,206984,,,
581044,62728,206984,,,
581045,62729,210718,,,
581046,62730,206984,,,
581047,62731,210719,,,
581048,62732,210720,,,
581049,62733,210635,,,
581051,62735,206984,,,
581052,62736,210722,,,
581053,62737,210723,,,
581054,62739,210725,,,
581055,62740,207619,,,
581056,62741,210726,,,
581058,62743,210727,,,
581059,62744,206984,,,
581060,62745,209549,,,
581061,62746,210728,,,
581063,62749,208212,,,
581065,62751,210731,,,
581066,62752,210732,,,
581067,62753,210733,,,
581068,62754,210734,,,
581069,62755,206984,,,
581070,62756,210735,,,
581072,62758,210737,,,
581073,62761,210738,,,
581074,62760,210738,,,
581075,62762,206984,,,
581076,62763,210739,,,
581080,62767,210743,,,
581081,62768,210744,,,
581082,62769,210745,,,
581083,62770,210746,,,
581084,62771,210747,,,
581086,62774,210750,,,
581088,62776,210752,,,
581089,62777,210753,,,
581090,62778,210754,,,
581091,62779,206924,,,
581093,62781,207782,,,
581094,62782,210756,,,
581095,62783,210757,,,
581096,62718,210712,,,
581097,97500,163576,,,
581098,97500,122481,,,
581100,97500,144491,,,
581101,97500,129770,,,
581102,97500,142565,,,
581103,97500,131170,,,
581104,97500,117083,,,
581105,97500,132437,,,
581107,97500,123601,,,
581108,97500,142158,,,
581109,97500,141132,,,
581110,97500,129471,,,
581111,97500,116284,,,
581112,97500,149945,,,
581114,97500,128434,,,
581115,97500,129841,,,
581116,97500,129816,,,
581117,97500,149400,,,
581119,97500,162960,,,
581120,97500,140555,,,
581121,97500,124297,,,
581123,97500,129666,,,
581124,97500,159746,,,
581125,97500,116992,,,
581126,97496,146131,,,
581127,97496,149587,,,
581128,97497,206895,,,
581130,97499,181816,,,
581131,97499,181815,,,
581132,97499,181814,,,
581133,97499,185012,,,
581134,97499,185011,,,
581135,97499,185010,,,
581137,97499,188173,,,
581138,97499,188172,,,
581139,97499,182347,,,
581140,97499,183274,,,
581141,97499,183273,,,
581142,97499,183272,,,
581144,97499,183270,,,
581145,97499,183269,,,
581146,97499,183268,,,
581147,62798,211178,,,
581148,97485,172030,,,
581149,97485,174071,,,
581151,97485,180706,,,
581152,97485,177627,,,
581153,97485,175059,,,
581154,97485,175058,,,
581155,97485,169425,,,
581156,97485,175053,,,
581158,97485,175051,,,
581159,97485,175050,,,
581160,97485,175049,,,
581161,97485,169928,,,
581162,97485,176583,,,
581163,97485,175046,,,
581165,97485,170434,,,
581166,97485,181186,,,
581167,97485,180149,,,
581168,97485,175529,,,
581169,97485,173992,,,
581170,97485,173991,,,
581172,97485,171422,,,
581173,97485,170396,,,
581174,97485,173979,,,
581175,97485,171929,,,
581176,97485,170897,,,
581177,97485,170892,,,
581179,97485,170888,,,
581180,97485,178054,,,
581181,97485,180098,,,
581182,97485,170853,,,
581183,97485,174949,,,
581184,97485,174948,,,
581186,97485,171360,,,
581187,97485,170332,,,
581188,97485,170326,,,
581189,97485,175954,,,
581190,97485,170320,,,
581191,97485,170309,,,
581193,97485,170307,,,
581194,97485,172858,,,
581195,97485,171321,,,
581196,97485,171315,,,
581197,97485,172333,,,
581198,97485,178477,,,
581200,97485,172831,,,
581201,97485,177439,,,
581202,97485,177438,,,
581203,97485,181021,,,
581204,97485,170780,,,
581205,97485,177947,,,
581207,97485,176403,,,
581208,97485,180500,,,
581209,97485,177939,,,
581210,97485,170258,,,
581211,97485,170765,,,
581212,97485,181004,,,
581214,97485,170760,,,
581215,97485,170753,,,
581216,97485,169721,,,
581217,97485,169720,,,
581218,97485,175859,,,
581219,97485,177395,,,
581221,97485,175856,,,
581222,97485,176878,,,
581223,97485,171232,,,
581224,97485,177888,,,
581226,97485,180958,,,
581227,97485,179927,,,
581228,97485,171728,,,
581230,97485,176826,,,
581231,97485,175801,,,
581232,97485,175800,,,
581233,97485,171184,,,
581234,97485,175277,,,
581235,97485,176301,,,
581237,97485,170154,,,
581238,97485,171175,,,
581239,97485,171173,,,
581240,97485,171172,,,
581241,97485,176792,,,
581242,97485,178328,,,
581244,97485,170640,,,
581245,97485,174731,,,
581246,97485,178822,,,
581247,97485,174720,,,
581248,97485,174716,,,
581249,97485,174715,,,
581251,97485,176237,,,
581252,97485,176226,,,
581253,97485,174685,,,
581254,97485,174675,,,
581255,97485,172110,,,
581256,97485,176192,,,
581258,97485,177726,,,
581259,97485,176189,,,
581260,97485,172604,,,
581261,97485,171577,,,
581262,97485,177721,,,
581263,97485,171575,,,
581265,97485,175158,,,
581266,97485,176181,,,
581267,97485,176178,,,
581268,97485,176174,,,
581269,97485,176170,,,
581270,97485,176162,,,
581272,97485,176163,,,
581273,97485,180258,,,
581274,97485,176160,,,
581275,97485,172063,,,
581276,97485,174107,,,
581277,97485,177690,,,
581279,97485,178200,,,
581280,97485,173077,,,
581281,97485,176143,,,
581282,97485,175629,,,
581283,97485,177675,,,
581284,97505,167038,,,
581286,97509,173703,,,
581287,97510,178167,,,
581288,97510,174582,,,
581289,97510,175093,,,
581290,97510,181217,,,
581291,97510,176604,,,
581293,97510,176603,,,
581294,97510,179668,,,
581295,97510,176583,,,
581296,97510,178119,,,
581297,97510,173506,,,
581298,97510,175550,,,
581300,97510,172986,,,
581301,97510,172985,,,
581302,97510,178607,,,
581303,97510,181153,,,
581304,97510,174487,,,
581305,97510,180115,,,
581307,97510,172432,,,
581308,97510,181136,,,
581309,97510,176524,,,
581310,97510,178572,,,
581311,97510,176521,,,
581312,97510,172415,,,
581314,97510,174445,,,
581315,97510,174946,,,
581316,97510,180577,,,
581317,97510,174426,,,
581318,97510,175954,,,
581319,97510,180558,,,
581321,97510,170823,,,
581322,97510,170820,,,
581323,97510,180548,,,
581324,97510,173885,,,
581325,97510,173883,,,
581326,97510,176435,,,
581328,97510,175399,,,
581329,97510,175395,,,
581330,97510,178463,,,
581331,97510,178462,,,
581333,97510,172301,,,
581334,97510,170762,,,
581335,97510,175873,,,
581337,97510,179452,,,
581338,97510,175866,,,
581339,97510,173811,,,
581340,97510,176872,,,
581341,97510,169699,,,
581342,97510,180951,,,
581344,97510,180413,,,
581345,97510,178364,,,
581346,97510,179386,,,
581347,97510,174259,,,
581348,97510,176818,,,
581349,97510,170160,,,
581351,97510,176287,,,
581352,97510,176260,,,
581353,97510,179325,,,
581354,97510,172156,,,
581355,97510,179319,,,
581356,97510,175733,,,
581358,97510,170087,,,
581359,97510,170085,,,
581360,97510,173148,,,
581361,97510,176215,,,
581362,97510,176214,,,
581363,97510,179285,,,
581365,97510,171075,,,
581366,97510,171074,,,
581367,97510,172097,,,
581368,97510,171070,,,
581369,97510,171576,,,
581370,97510,173611,,,
581372,97510,173093,,,
581373,97510,173091,,,
581374,97510,179745,,,
581375,97510,171027,,,
581376,97510,178179,,,
581377,97513,178682,,,
581379,97513,179702,,,
581380,97513,181237,,,
581381,97513,173557,,,
581382,97513,173556,,,
581383,97513,173554,,,
581384,97513,173552,,,
581386,97513,169958,,,
581387,97513,172516,,,
581388,97513,179682,,,
581389,97513,173025,,,
581390,97513,173020,,,
581391,97513,178137,,,
581393,97513,178646,,,
581394,97513,180691,,,
581395,97513,175570,,,
581396,97513,173008,,,
581397,97513,177104,,,
581398,97513,181199,,,
581400,97513,179659,,,
581401,97513,181195,,,
581402,97513,171466,,,
581403,97513,181193,,,
581404,97513,174021,,,
581405,97513,178118,,,
581407,97513,174527,,,
581408,97513,177090,,,
581409,97513,169920,,,
581410,97513,174528,,,
581411,97513,179135,,,
581412,97513,174521,,,
581414,97513,179129,,,
581415,97513,177080,,,
581416,97513,171958,,,
581417,97513,174006,,,
581418,97513,169393,,,
581419,97513,172972,,,
581421,97513,178602,,,
581422,97513,180649,,,
581423,97513,178600,,,
581424,97513,178599,,,
581425,97513,178596,,,
581426,97513,178595,,,
581428,97513,181142,,,
581429,97513,172436,,,
581430,97513,178067,,,
581431,97513,178065,,,
581432,97513,174477,,,
581433,97513,176525,,,
581435,97513,174471,,,
581436,97513,181122,,,
581437,97513,172416,,,
581438,97513,174463,,,
581440,97513,180086,,,
581441,97513,171893,,,
581442,97513,179058,,,
581444,97513,170352,,,
581445,97513,169837,,,
581446,97513,172909,,,
581447,97513,173933,,,
581448,97513,169836,,,
581449,97513,169324,,,
581451,97513,169827,,,
581452,97513,180581,,,
581453,97513,180580,,,
581454,97513,173411,,,
581455,97513,179038,,,
581456,97513,176479,,,
581458,97513,181085,,,
581459,97513,175964,,,
581460,97513,175452,,,
581461,97513,179035,,,
581462,97513,179027,,,
581463,97513,180051,,,
581465,97513,172876,,,
581466,97513,179014,,,
581467,97513,179016,,,
581468,97513,180040,,,
581469,97513,180039,,,
581470,97513,180038,,,
581472,97513,179010,,,
581473,97513,179011,,,
581474,97513,180546,,,
581475,97513,179008,,,
581476,97513,181054,,,
581477,97513,172346,,,
581479,97513,180027,,,
581480,97513,180026,,,
581481,97513,171311,,,
581482,97513,175920,,,
581483,97513,176943,,,
581484,97513,177967,,,
581486,97513,177961,,,
581487,97513,173862,,,
581488,97513,174372,,,
581489,97513,176927,,,
581490,97513,177439,,,
581491,97513,180508,,,
581493,97513,174358,,,
581494,97513,181011,,,
581495,97513,174353,,,
581496,97513,179983,,,
581497,97513,181007,,,
581498,97513,169735,,,
581500,97513,181000,,,
581501,97513,170247,,,
581502,97513,178950,,,
581503,97513,170245,,,
581504,97513,180484,,,
581505,97513,171779,,,
581507,97513,180480,,,
581508,97513,180479,,,
581509,97513,170238,,,
581510,97513,180476,,,
581511,97513,180988,,,
581512,97513,173816,,,
581514,97513,176366,,,
581515,97513,180462,,,
581516,97513,176873,,,
581517,97513,169704,,,
581518,97513,172772,,,
581519,97513,180454,,,
581521,97513,180964,,,
581522,97513,180963,,,
581523,97513,180962,,,
581524,97513,180448,,,
581525,97513,179418,,,
581526,97513,180442,,,
581528,97513,172757,,,
581529,97513,169682,,,
581530,97513,169680,,,
581531,97513,172237,,,
581532,97513,173261,,,
581533,97513,174282,,,
581535,97513,169672,,,
581536,97513,180423,,,
581537,97513,169669,,,
581538,97513,180933,,,
581539,97513,169668,,,
581540,97513,180417,,,
581542,97513,170685,,,
581543,97513,179900,,,
581544,97513,170170,,,
581545,97513,174265,,,
581547,97513,174257,,,
581548,97513,177328,,,
581549,97513,172715,,,
581551,97513,172199,,,
581552,97513,177319,,,
581553,97513,174236,,,
581554,97513,179867,,,
581555,97513,180888,,,
581556,97513,170647,,,
581558,97513,169612,,,
581559,97513,174224,,,
581560,97513,169615,,,
581561,97513,169613,,,
581562,97513,179853,,,
581563,97513,180876,,,
581565,97513,174214,,,
581566,97513,179333,,,
581567,97513,179332,,,
581568,97513,179331,,,
581569,97513,179329,,,
581570,97513,177269,,,
581572,97513,180853,,,
581573,97513,181359,,,
581574,97513,172137,,,
581575,97513,177256,,,
581576,97513,179303,,,
581577,97513,179813,,,
581579,97513,169571,,,
581580,97513,181346,,,
581581,97513,172129,,,
581582,97513,179803,,,
581583,97513,169560,,,
581584,97513,175695,,,
581586,97513,180295,,,
581587,97513,176194,,,
581588,97513,181314,,,
581589,97513,173121,,,
581590,97513,173120,,,
581591,97513,180793,,,
581593,97513,171568,,,
581594,97513,178734,,,
581595,97513,181287,,,
581596,97513,176678,,,
581597,97513,172579,,,
581598,97513,181281,,,
581600,97513,172574,,,
581601,97513,172573,,,
581602,97513,181272,,,
581603,97513,181271,,,
581604,97513,174100,,,
581605,97513,180241,,,
581607,97513,179215,,,
581608,97513,179724,,,
581609,97513,173067,,,
581610,97513,180746,,,
581611,97513,175623,,,
581612,97513,180744,,,
581614,97513,173061,,,
581615,97513,173572,,,
581616,97513,175106,,,
581617,97514,173439,,,
581618,97514,180852,,,
581619,97514,172660,,,
581621,97514,172648,,,
581622,97514,172773,,,
581623,97514,173798,,,
581624,97514,173413,,,
581625,97514,180195,,,
581626,97514,173151,,,
581628,97514,179680,,,
581629,97514,179932,,,
581630,97514,173150,,,
581631,97514,176091,,,
581632,97514,176092,,,
581633,97514,173400,,,
581635,97514,173401,,,
581636,97514,172504,,,
581637,97514,173140,,,
581638,97514,173142,,,
581639,97514,173141,,,
581640,97514,177620,,,
581642,97514,173138,,,
581643,97514,179409,,,
581644,97514,172623,,,
581645,97514,175951,,,
581646,97514,173132,,,
581647,97514,173386,,,
581649,97514,169800,,,
581650,97514,178875,,,
581651,97514,173626,,,
581652,97514,174393,,,
581654,97514,181430,,,
581655,97514,172853,,,
581656,97514,172966,,,
581658,97514,172445,,,
581659,97514,173975,,,
581660,97514,172951,,,
581661,97514,169618,,,
581662,97514,169617,,,
581663,97514,173710,,,
581665,97514,173826,,,
581666,97514,169344,,,
581667,97516,179791,,,
581668,97516,172163,,,
581669,97516,172184,,,
581670,97520,148337,,,
581672,97520,147691,,,
581673,97520,147562,,,
581674,97520,147561,,,
581675,97520,147560,,,
581676,97520,147559,,,
581677,97520,114909,,,
581679,97520,148570,,,
581680,97520,148567,,,
581681,97520,132567,,,
581682,97520,148566,,,
581683,97520,147539,,,
581684,97520,169171,,,
581686,97520,146895,,,
581687,97520,151246,,,
581688,97520,147913,,,
581689,97520,108722,,,
581690,97520,147902,,,
581691,97520,147519,,,
581693,97520,149314,,,
581694,97520,149312,,,
581695,97520,203584,,,
581696,97520,149311,,,
581697,97520,149310,,,
581698,97520,165436,,,
581700,97520,147643,,,
581701,97520,206394,,,
581702,97520,165433,,,
581703,97520,140471,,,
581704,97520,151479,,,
581705,97520,151478,,,
581707,97520,128436,,,
581708,97520,142258,,,
581709,97520,127164,,,
581710,97520,150567,,,
581711,97520,140467,,,
581712,97520,136977,,,
581714,97520,151438,,,
581715,97520,168589,,,
581716,97520,103296,,,
581717,97520,147328,,,
581718,97521,132863,,,
581719,97521,132861,,,
581721,97521,151546,,,
581722,97521,163576,,,
581723,97521,125683,,,
581724,97521,125682,,,
581725,97521,169197,,,
581726,97521,119147,,,
581728,97521,142565,,,
581729,97521,141283,,,
581730,97521,133472,,,
581731,97521,128095,,,
581732,97521,119262,,,
581733,97521,128605,,,
581735,97521,142168,,,
581736,97521,130390,,,
581737,97521,159702,,,
581738,97521,130389,,,
581739,97521,106830,,,
581740,97521,145486,,,
581742,97521,141132,,,
581743,97521,106827,,,
581744,97521,104775,,,
581745,97521,107719,,,
581746,97521,108228,,,
581747,97521,142277,,,
581749,97521,132291,,,
581750,97521,107456,,,
581751,97521,129471,,,
581752,97521,116284,,,
581753,97521,119355,,,
581754,97521,116024,,,
581756,97521,161208,,,
581757,97521,116023,,,
581758,97521,129718,,,
581759,97521,129841,,,
581761,97521,153005,,,
581762,97521,146855,,,
581763,97521,136996,,,
581765,97521,149400,,,
581766,97521,129816,,,
581767,97521,131224,,,
581768,97521,160403,,,
581769,97521,120212,,,
581770,97521,165651,,,
581772,97521,142346,,,
581773,97521,106885,,,
581774,97521,128005,,,
581775,97521,133765,,,
581776,97521,116226,,,
581777,97521,129666,,,
581779,97521,138624,,,
581780,97523,176603,,,
581781,97523,179673,,,
581782,97525,166221,,,
581783,97525,131053,,,
581784,97525,162253,,,
581786,97525,141668,,,
581787,97526,178687,,,
581788,97526,178684,,,
581789,97526,178683,,,
581790,97526,178682,,,
581791,97526,172025,,,
581793,97526,174582,,,
581794,97526,175093,,,
581795,97526,175602,,,
581796,97526,175600,,,
581797,97526,173031,,,
581798,97526,172014,,,
581800,97526,175081,,,
581801,97526,173547,,,
581802,97526,175082,,,
581803,97526,179177,,,
581804,97526,172008,,,
581805,97526,180199,,,
581807,97526,173540,,,
581808,97526,180218,,,
581809,97526,181217,,,
581810,97526,171999,,,
581811,97526,171996,,,
581812,97526,180187,,,
581814,97526,171989,,,
581815,97526,171472,,,
581816,97526,175056,,,
581817,97526,179148,,,
581818,97526,172491,,,
581819,97526,172490,,,
581821,97526,178119,,,
581822,97526,178117,,,
581823,97526,173507,,,
581824,97526,173506,,,
581825,97526,172992,,,
581826,97526,179136,,,
581828,97526,172985,,,
581829,97526,180154,,,
581830,97526,174009,,,
581831,97526,179128,,,
581832,97526,173489,,,
581833,97526,180143,,,
581835,97526,180137,,,
581836,97526,172449,,,
581837,97526,173476,,,
581838,97526,172450,,,
581839,97526,172961,,,
581840,97526,181153,,,
581842,97526,176543,,,
581843,97526,179611,,,
581844,97526,172953,,,
581845,97526,177048,,,
581846,97526,180118,,,
581847,97526,180115,,,
581849,97526,172425,,,
581850,97526,176521,,,
581851,97526,169864,,,
581852,97526,170367,,,
581853,97526,171902,,,
581854,97526,179581,,,
581856,97526,173944,,,
581857,97526,176500,,,
581858,97526,176499,,,
581859,97526,176497,,,
581860,97526,172394,,,
581861,97526,178024,,,
581863,97526,176478,,,
581864,97526,172375,,,
581865,97526,172372,,,
581866,97526,171857,,,
581868,97526,179530,,,
581869,97526,170823,,,
581870,97526,170304,,,
581872,97526,179517,,,
581873,97526,173883,,,
581874,97526,170805,,,
581875,97526,171826,,,
581876,97526,176435,,,
581877,97526,176434,,,
581879,97526,172845,,,
581880,97526,172847,,,
581881,97526,178989,,,
581882,97526,179501,,,
581883,97526,170795,,,
581884,97526,172331,,,
581886,97526,172329,,,
581887,97526,175400,,,
581888,97526,175399,,,
581889,97526,170790,,,
581890,97526,175395,,,
581891,97526,181026,,,
581893,97526,174365,,,
581894,97526,178459,,,
581895,97526,179482,,,
581896,97526,171797,,,
581897,97526,172309,,,
581898,97526,173840,,,
581900,97526,180483,,,
581901,97526,172287,,,
581902,97526,180989,,,
581903,97526,177403,,,
581904,97526,179444,,,
581905,97526,173811,,,
581907,97526,172273,,,
581908,97526,173294,,,
581909,97526,173293,,,
581910,97526,173288,,,
581911,97526,173291,,,
581912,97526,175850,,,
581914,97526,180456,,,
581915,97526,173287,,,
581916,97526,173284,,,
581917,97526,175844,,,
581918,97526,173282,,,
581919,97526,173281,,,
581921,97526,173789,,,
581922,97526,172330,,,
581923,97526,177360,,,
581924,97526,172327,,,
581925,97526,180939,,,
581926,97526,172232,,,
581928,97526,172228,,,
581929,97526,172739,,,
581930,97526,179906,,,
581931,97526,179391,,,
581932,97526,169660,,,
581933,97526,178353,,,
581935,97526,173231,,,
581936,97526,180910,,,
581937,97526,171693,,,
581938,97526,174249,,,
581939,97526,176294,,,
581940,97526,178845,,,
581942,97526,174226,,,
581943,97526,176272,,,
581944,97526,173197,,,
581945,97526,175754,,,
581946,97526,176260,,,
581947,97526,180865,,,
581949,97526,172154,,,
581950,97526,179319,,,
581951,97526,173169,,,
581952,97526,179820,,,
581953,97526,173161,,,
581954,97526,170087,,,
581956,97526,173148,,,
581957,97526,177241,,,
581958,97526,181338,,,
581959,97526,178777,,,
581960,97526,179797,,,
581961,97526,176727,,,
581963,97526,181333,,,
581964,97526,179795,,,
581965,97526,181331,,,
581966,97526,181329,,,
581967,97526,172112,,,
581968,97526,170063,,,
581970,97526,172098,,,
581971,97526,173626,,,
581972,97526,179256,,,
581973,97526,171565,,,
581975,97526,173618,,,
581976,97526,173614,,,
581977,97526,179245,,,
581979,97526,181294,,,
581980,97526,180781,,,
581981,97526,173611,,,
581982,97526,181290,,,
581983,97526,178212,,,
581984,97526,172069,,,
581986,97526,173093,,,
581987,97526,180772,,,
581988,97526,173091,,,
581989,97526,180759,,,
581990,97526,178199,,,
581991,97526,181270,,,
581993,97526,180751,,,
581994,97526,181263,,,
581995,97526,172557,,,
581996,97526,172042,,,
581997,97526,178698,,,
581998,97526,179722,,,
582000,97526,181254,,,
582001,97526,180741,,,
582002,97526,178691,,,
582003,97527,105595,,,
582004,97527,104312,,,
582005,97527,127606,,,
582007,97527,147056,,,
582008,97527,131053,,,
582009,97527,151021,,,
582010,97527,141668,,,
582011,97527,147802,,,
582012,97527,147803,,,
582014,97527,146904,,,
582015,97527,130392,,,
582016,97527,146903,,,
582017,97527,133969,,,
582018,97527,137808,,,
582019,97527,162629,,,
582021,97527,128195,,,
582022,97527,108346,,,
582023,97527,137913,,,
582024,97527,138168,,,
582025,97527,130992,,,
582026,97527,160432,,,
582028,97527,150958,,,
582029,97527,128170,,,
582030,97527,106024,,,
582031,97527,106651,,,
582032,97527,127895,,,
582033,97527,119831,,,
582035,97527,203783,,,
582036,97527,130048,,,
582037,97529,180679,,,
582038,97529,174528,,,
582039,97529,176575,,,
582040,97529,171966,,,
582042,97529,179130,,,
582043,97529,181178,,,
582044,97529,179129,,,
582045,97529,174515,,,
582046,97529,178093,,,
582047,97529,178598,,,
582049,97529,176536,,,
582050,97529,180631,,,
582051,97529,172425,,,
582052,97529,169352,,,
582053,97529,177031,,,
582054,97529,177029,,,
582056,97529,173953,,,
582057,97529,176512,,,
582058,97529,172926,,,
582059,97529,179069,,,
582060,97529,170877,,,
582061,97529,172408,,,
582063,97529,169834,,,
582064,97529,181086,,,
582065,97529,173400,,,
582066,97529,179034,,,
582067,97529,179033,,,
582068,97529,178008,,,
582070,97529,179029,,,
582071,97529,179026,,,
582072,97529,179022,,,
582073,97529,169801,,,
582074,97529,179017,,,
582075,97529,180040,,,
582077,97529,176446,,,
582078,97529,172348,,,
582079,97529,179002,,,
582080,97529,174393,,,
582082,97529,176437,,,
582083,97529,176432,,,
582084,97529,176927,,,
582086,97529,172826,,,
582087,97529,180504,,,
582088,97529,171799,,,
582089,97529,171798,,,
582090,97529,178449,,,
582091,97529,174856,,,
582093,97529,180484,,,
582094,97529,171774,,,
582095,97529,178941,,,
582096,97529,171771,,,
582097,97529,180980,,,
582098,97529,173806,,,
582100,97529,176873,,,
582101,97529,172264,,,
582102,97529,172263,,,
582103,97529,177375,,,
582104,97529,172749,,,
582105,97529,180940,,,
582107,97529,173043,,,
582108,97529,172525,,,
582109,97529,170475,,,
582110,97529,176617,,,
582111,97529,172009,,,
582112,97529,172515,,,
582114,97529,174049,,,
582115,97529,175578,,,
582116,97529,175570,,,
582117,97529,180686,,,
582118,97529,173516,,,
582119,97529,179659,,,
582121,97529,178874,,,
582122,97529,169650,,,
582123,97529,169644,,,
582124,97529,172715,,,
582125,97529,174250,,,
582126,97529,179358,,,
582128,97529,169617,,,
582129,97529,174223,,,
582130,97529,173704,,,
582131,97529,172163,,,
582132,97529,173698,,,
582133,97529,173696,,,
582135,97529,181358,,,
582136,97529,181357,,,
582137,97529,172129,,,
582138,97529,172125,,,
582139,97529,181339,,,
582140,97529,179797,,,
582142,97529,171601,,,
582143,97529,173138,,,
582144,97529,173137,,,
582145,97529,179786,,,
582146,97529,171593,,,
582147,97529,179272,,,
582149,97529,173125,,,
582150,97529,173124,,,
582151,97529,173121,,,
582152,97529,180785,,,
582153,97529,170027,,,
582154,97529,172573,,,
582156,97529,180757,,,
582157,97529,178192,,,
582158,97529,178701,,,
582159,97529,178188,,,
582160,97529,178187,,,
582161,97529,173061,,,
582163,97531,176082,,,
582164,97531,174382,,,
582165,97531,177419,,,
582166,97531,181411,,,
582167,97532,180862,,,
582168,97532,175996,,,
582170,97532,175994,,,
582171,97532,172025,,,
582172,97532,175860,,,
582173,97532,177525,,,
582174,97532,179444,,,
582175,97532,175216,,,
582177,97532,179953,,,
582178,97532,175600,,,
582179,97532,175726,,,
582180,97532,177518,,,
582181,97532,173293,,,
582182,97532,175980,,,
582184,97532,175082,,,
582185,97532,178665,,,
582186,97532,175081,,,
582187,97532,173540,,,
582189,97532,175968,,,
582190,97532,177631,,,
582191,97532,176478,,,
582193,97532,177241,,,
582194,97532,179289,,,
582195,97532,181338,,,
582196,97532,180057,,,
582197,97532,174932,,,
582198,97532,170063,,,
582200,97532,175695,,,
582201,97532,173294,,,
582202,97532,179530,,,
582203,97532,180681,,,
582204,97532,176583,,,
582205,97532,174910,,,
582207,97532,174911,,,
582208,97532,179136,,,
582209,97532,174913,,,
582210,97532,179391,,,
582211,97532,181311,,,
582212,97532,179518,,,
582214,97532,180154,,,
582215,97532,180410,,,
582216,97532,174009,,,
582217,97532,181302,,,
582218,97532,179245,,,
582219,97532,171316,,,
582221,97532,176434,,,
582222,97532,174894,,,
582223,97532,173231,,,
582224,97532,179246,,,
582225,97532,180910,,,
582226,97532,180781,,,
582228,97532,174891,,,
582229,97532,181290,,,
582230,97532,173733,,,
582231,97532,174883,,,
582232,97532,176667,,,
582233,97532,176671,,,
582235,97532,174365,,,
582236,97532,180763,,,
582237,97532,175387,,,
582238,97532,171031,,,
582239,97532,173207,,,
582240,97532,180751,,,
582242,97532,180108,,,
582243,97532,175242,,,
582244,97532,179722,,,
582245,97532,175624,,,
582246,97532,169864,,,
582247,97532,170118,,,
582249,97532,177539,,,
582250,62801,117738,,,
582251,62797,211177,,,
582252,62785,210759,,,
582253,62786,210760,,,
582254,62787,210761,,,
582256,62789,210763,,,
582257,62790,210764,,,
582258,62791,210765,,,
582259,62792,210766,,,
582260,62793,210767,,,
582263,62800,146851,,,
582264,97535,148337,,,
582265,97535,121324,,,
582266,97535,147691,,,
582267,97535,147562,,,
582268,97535,147561,,,
582270,97535,147559,,,
582271,97535,114909,,,
582272,97535,148571,,,
582273,97535,148570,,,
582274,97535,148567,,,
582275,97535,132567,,,
582277,97535,147539,,,
582278,97535,169171,,,
582279,97535,143567,,,
582280,97535,151246,,,
582281,97535,147913,,,
582282,97535,108722,,,
582284,97535,147519,,,
582285,97535,149315,,,
582286,97535,149314,,,
582287,97535,149312,,,
582288,97535,203584,,,
582289,97535,149311,,,
582291,97535,165436,,,
582292,97535,206396,,,
582293,97535,147643,,,
582294,97535,206394,,,
582296,97535,140471,,,
582297,97535,151479,,,
582298,97535,151478,,,
582300,97535,128436,,,
582301,97535,142258,,,
582302,97535,127164,,,
582303,97535,150567,,,
582304,97535,140467,,,
582305,97535,136977,,,
582307,97535,151438,,,
582308,97535,168589,,,
582309,97535,103296,,,
582310,97535,147328,,,
582311,97542,172515,,,
582312,97542,181216,,,
582314,97542,174555,,,
582315,97542,174553,,,
582316,97542,170966,,,
582317,97542,175570,,,
582318,97542,176082,,,
582319,97542,169932,,,
582321,97542,180686,,,
582322,97542,173516,,,
582323,97542,174028,,,
582324,97542,172486,,,
582325,97542,172485,,,
582326,97542,177601,,,
582328,97542,171966,,,
582329,97542,179130,,,
582330,97542,181178,,,
582331,97542,179129,,,
582332,97542,169911,,,
582333,97542,172469,,,
582335,97542,177587,,,
582336,97542,176562,,,
582337,97542,174000,,,
582338,97542,170406,,,
582339,97542,171943,,,
582340,97542,178093,,,
582342,97542,178091,,,
582343,97542,174506,,,
582344,97542,181161,,,
582345,97542,169896,,,
582346,97542,178598,,,
582347,97542,179110,,,
582349,97542,171861,,,
582350,97542,179616,,,
582351,97542,173464,,,
582352,97542,180635,,,
582353,97542,175002,,,
582354,97542,173465,,,
582356,97542,180631,,,
582357,97542,169875,,,
582358,97542,173457,,,
582359,97542,177040,,,
582360,97542,176525,,,
582361,97542,176526,,,
582363,97542,173451,,,
582364,97542,172425,,,
582365,97542,178563,,,
582366,97542,173953,,,
582367,97542,178558,,,
582368,97542,169854,,,
582370,97542,178553,,,
582371,97542,170360,,,
582372,97542,170359,,,
582373,97542,171375,,,
582374,97542,174444,,,
582375,97542,170339,,,
582377,97542,171876,,,
582378,97542,175459,,,
582379,97542,181086,,,
582380,97542,169816,,,
582381,97542,178524,,,
582382,97542,178521,,,
582384,97542,179033,,,
582385,97542,178008,,,
582386,97542,169815,,,
582387,97542,179542,,,
582388,97542,179029,,,
582389,97542,173394,,,
582391,97542,178513,,,
582392,97542,179022,,,
582393,97542,179017,,,
582394,97542,177477,,,
582395,97542,177478,,,
582396,97542,181061,,,
582398,97542,176959,,,
582399,97542,177471,,,
582400,97542,181055,,,
582401,97542,173374,,,
582403,97542,181051,,,
582404,97542,181050,,,
582405,97542,176951,,,
582407,97542,173865,,,
582408,97542,180015,,,
582409,97542,173870,,,
582410,97542,170283,,,
582411,97542,171307,,,
582412,97542,172331,,,
582414,97542,178985,,,
582415,97542,170280,,,
582416,97542,175910,,,
582417,97542,181029,,,
582418,97542,178469,,,
582419,97542,172324,,,
582421,97542,181025,,,
582422,97542,181024,,,
582423,97542,181023,,,
582424,97542,176926,,,
582425,97542,172317,,,
582426,97542,178459,,,
582428,97542,179478,,,
582429,97542,169749,,,
582430,97542,178449,,,
582431,97542,178447,,,
582432,97542,173318,,,
582433,97542,169735,,,
582435,97542,172810,,,
582436,97542,177418,,,
582437,97542,174855,,,
582438,97542,179976,,,
582439,97542,178438,,,
582440,97542,179974,,,
582442,97542,180483,,,
582443,97542,175873,,,
582444,97542,179457,,,
582445,97542,174848,,,
582446,97542,171774,,,
582447,97542,171770,,,
582449,97542,173818,,,
582450,97542,180473,,,
582451,97542,177398,,,
582452,97542,177397,,,
582453,97542,177393,,,
582454,97542,170732,,,
582456,97542,177662,,,
582457,97542,169704,,,
582458,97542,179942,,,
582459,97542,173797,,,
582460,97542,177375,,,
582461,97542,177372,,,
582463,97542,177370,,,
582464,97542,174809,,,
582465,97542,174807,,,
582466,97542,177364,,,
582467,97542,177358,,,
582468,97542,172327,,,
582470,97542,172737,,,
582471,97542,172739,,,
582472,97542,172742,,,
582473,97542,177861,,,
582474,97542,177860,,,
582475,97542,172325,,,
582477,97542,176833,,,
582478,97542,171709,,,
582479,97542,180409,,,
582480,97542,176824,,,
582481,97542,174262,,,
582482,97542,179894,,,
582484,97542,179376,,,
582485,97542,174250,,,
582486,97542,171179,,,
582487,97542,173226,,,
582488,97542,169630,,,
582489,97542,173723,,,
582491,97542,170136,,,
582492,97542,176279,,,
582493,97542,174230,,,
582494,97542,173197,,,
582495,97542,172691,,,
582496,97542,177811,,,
582498,97542,174222,,,
582499,97542,174223,,,
582500,97542,177807,,,
582501,97542,176270,,,
582502,97542,174221,,,
582503,97542,172164,,,
582505,97542,173186,,,
582506,97542,177792,,,
582507,97542,172669,,,
582508,97542,172156,,,
582510,97542,177786,,,
582511,97542,169766,,,
582512,97542,178807,,,
582514,97542,177778,,,
582515,97542,172144,,,
582516,97542,177773,,,
582517,97542,176747,,,
582518,97542,176746,,,
582519,97542,180328,,,
582521,97542,177240,,,
582522,97542,177752,,,
582523,97542,175191,,,
582524,97542,177663,,,
582525,97542,180222,,,
582526,97542,175612,,,
582528,97542,169975,,,
582529,97542,177654,,,
582530,97542,177653,,,
582531,97542,172014,,,
582532,97542,181230,,,
582533,97542,172525,,,
582535,97542,170982,,,
582536,97542,173909,,,
582537,97542,170979,,,
582538,97542,179285,,,
582539,97542,180821,,,
582540,97542,180820,,,
582542,97542,173648,,,
582543,97542,173639,,,
582544,97542,181323,,,
582545,97542,179786,,,
582546,97542,171593,,,
582547,97542,179272,,,
582549,97542,179779,,,
582550,97542,180290,,,
582551,97542,172097,,,
582552,97542,174654,,,
582553,97542,174655,,,
582554,97542,175678,,,
582556,97542,172090,,,
582557,97542,171064,,,
582558,97542,179256,,,
582559,97542,173617,,,
582560,97542,179762,,,
582561,97542,180786,,,
582563,97542,175664,,,
582564,97542,179759,,,
582565,97542,205358,,,
582566,97542,170027,,,
582567,97542,178731,,,
582568,97542,180779,,,
582570,97542,180769,,,
582571,97542,172576,,,
582572,97542,180767,,,
582573,97542,172569,,,
582574,97542,173071,,,
582575,97542,170507,,,
582577,97542,175616,,,
582578,97542,181249,,,
582579,97542,177664,,,
582580,97553,125725,,,
582581,97553,149945,,,
582583,97553,123030,,,
582584,97553,105683,,,
582585,97553,113812,,,
582586,97553,121555,,,
582587,97553,121554,,,
582588,97553,127377,,,
582589,97553,161062,,,
582591,97553,118247,,,
582592,97553,166246,,,
582593,97553,165605,,,
582594,97553,103298,,,
582595,97553,125731,,,
582596,97553,131170,,,
582598,97555,192053,,,
582599,97555,183572,,,
582600,97555,190116,,,
582601,97559,178687,,,
582602,97559,177662,,,
582603,97559,178684,,,
582605,97559,178682,,,
582606,97559,178681,,,
582607,97559,172014,,,
582608,97559,172525,,,
582609,97559,173547,,,
582610,97559,178663,,,
582612,97559,172008,,,
582613,97559,180199,,,
582614,97559,180198,,,
582615,97559,179173,,,
582617,97559,172515,,,
582618,97559,181217,,,
582619,97559,179169,,,
582621,97559,171999,,,
582622,97559,174555,,,
582623,97559,179165,,,
582624,97559,171996,,,
582625,97559,180187,,,
582626,97559,171990,,,
582628,97559,175570,,,
582629,97559,177104,,,
582630,97559,180686,,,
582631,97559,173516,,,
582632,97559,171977,,,
582633,97559,171975,,,
582635,97559,172474,,,
582636,97559,171966,,,
582637,97559,174009,,,
582638,97559,177083,,,
582639,97559,179130,,,
582640,97559,181178,,,
582642,97559,172983,,,
582643,97559,174515,,,
582644,97559,177587,,,
582645,97559,178093,,,
582646,97559,172449,,,
582647,97559,171432,,,
582649,97559,179110,,,
582650,97559,173477,,,
582651,97559,173476,,,
582652,97559,172450,,,
582653,97559,172961,,,
582654,97559,178593,,,
582656,97559,172954,,,
582657,97559,175002,,,
582658,97559,180631,,,
582659,97559,176532,,,
582660,97559,180621,,,
582661,97559,172425,,,
582663,97559,176514,,,
582664,97559,173953,,,
582665,97559,171902,,,
582666,97559,171898,,,
582667,97559,171896,,,
582668,97559,172404,,,
582670,97559,176500,,,
582671,97559,181106,,,
582672,97559,181107,,,
582673,97559,176499,,,
582674,97559,181105,,,
582675,97559,176497,,,
582677,97559,172397,,,
582678,97559,176490,,,
582679,97559,173418,,,
582680,97559,180581,,,
582681,97559,176482,,,
582682,97559,181086,,,
582684,97559,174427,,,
582685,97559,179034,,,
582686,97559,179033,,,
582687,97559,178008,,,
582688,97559,171861,,,
582689,97559,172373,,,
582691,97559,172372,,,
582692,97559,180051,,,
582693,97559,179026,,,
582694,97559,171857,,,
582695,97559,179022,,,
582696,97559,173389,,,
582698,97559,172363,,,
582699,97559,173386,,,
582700,97559,179017,,,
582701,97559,180552,,,
582702,97559,171840,,,
582703,97559,177471,,,
582705,97559,171831,,,
582706,97559,171826,,,
582707,97559,172336,,,
582708,97559,171822,,,
582709,97559,171821,,,
582710,97559,171818,,,
582712,97559,172330,,,
582713,97559,172329,,,
582714,97559,172327,,,
582715,97559,172325,,,
582716,97559,180000,,,
582717,97559,176923,,,
582719,97559,180505,,,
582720,97559,171797,,,
582721,97559,172309,,,
582722,97559,176917,,,
582724,97559,172818,,,
582725,97559,178961,,,
582726,97559,173317,,,
582728,97559,173314,,,
582729,97559,172286,,,
582730,97559,171774,,,
582731,97559,172287,,,
582732,97559,173310,,,
582733,97559,180989,,,
582735,97559,179959,,,
582736,97559,179443,,,
582737,97559,173298,,,
582738,97559,179439,,,
582739,97559,171245,,,
582740,97559,169704,,,
582742,97559,180456,,,
582743,97559,173287,,,
582744,97559,176869,,,
582745,97559,206560,,,
582746,97559,177375,,,
582747,97559,173278,,,
582749,97559,172246,,,
582750,97559,180945,,,
582751,97559,174287,,,
582752,97559,172232,,,
582753,97559,172739,,,
582754,97559,172230,,,
582756,97559,172228,,,
582757,97559,176323,,,
582758,97559,172738,,,
582759,97559,173249,,,
582760,97559,172727,,,
582761,97559,179383,,,
582763,97559,172205,,,
582764,97559,172206,,,
582765,97559,170675,,,
582766,97559,178866,,,
582767,97559,170672,,,
582768,97559,176301,,,
582770,97559,178862,,,
582771,97559,178861,,,
582772,97559,172202,,,
582773,97559,173225,,,
582774,97559,174250,,,
582775,97559,174249,,,
582777,97559,172197,,,
582778,97559,172193,,,
582779,97559,178845,,,
582780,97559,179358,,,
582781,97559,180381,,,
582782,97559,180379,,,
582784,97559,180376,,,
582785,97559,178835,,,
582786,97559,174223,,,
582787,97559,173197,,,
582788,97559,175754,,,
582789,97559,180362,,,
582791,97559,180867,,,
582792,97559,180866,,,
582793,97559,180865,,,
582794,97559,173182,,,
582795,97559,172156,,,
582796,97559,172154,,,
582798,97559,172147,,,
582799,97559,173169,,,
582800,97559,172144,,,
582801,97559,172104,,,
582802,97559,173161,,,
582803,97559,173159,,,
582805,97559,169558,,,
582806,97559,172112,,,
582807,97559,170065,,,
582808,97559,172201,,,
582809,97559,180818,,,
582810,97559,171601,,,
582812,97559,171593,,,
582813,97559,177229,,,
582814,97559,181325,,,
582815,97559,179272,,,
582816,97559,179786,,,
582817,97559,206410,,,
582819,97559,180808,,,
582820,97559,181319,,,
582821,97559,206406,,,
582822,97559,180805,,,
582823,97559,173633,,,
582824,97559,180289,,,
582826,97559,179256,,,
582827,97559,180792,,,
582828,97559,180791,,,
582829,97559,169523,,,
582831,97559,177199,,,
582832,97559,177197,,,
582833,97559,170027,,,
582835,97559,173603,,,
582836,97559,178212,,,
582837,97559,179235,,,
582838,97559,172064,,,
582839,97559,172065,,,
582840,97559,180256,,,
582842,97559,180218,,,
582843,97559,178199,,,
582844,97559,172047,,,
582845,97559,172050,,,
582846,97559,172048,,,
582847,97559,179215,,,
582849,97559,181259,,,
582850,97559,178698,,,
582851,97559,172040,,,
582852,97559,179720,,,
582853,97559,178691,,,
582854,97559,177664,,,
582856,97562,160352,,,
582857,97562,147803,,,
582858,97562,147802,,,
582859,97562,146904,,,
582860,97562,133975,,,
582861,97562,146903,,,
582863,97562,160332,,,
582864,97562,144459,,,
582865,97562,144458,,,
582866,97562,141126,,,
582867,97562,141121,,,
582868,97562,134589,,,
582870,97562,141239,,,
582871,97562,141231,,,
582872,97562,142508,,,
582873,97562,105113,,,
582874,97562,130327,,,
582875,97562,142465,,,
582877,97564,179661,,,
582878,97564,173516,,,
582879,97564,180682,,,
582880,97564,176575,,,
582881,97564,172991,,,
582882,97564,177082,,,
582884,97564,175538,,,
582885,97564,176557,,,
582886,97564,177069,,,
582887,97564,173996,,,
582888,97564,178598,,,
582889,97564,178595,,,
582891,97564,176536,,,
582892,97564,181142,,,
582893,97564,169365,,,
582894,97564,176015,,,
582895,97564,177038,,,
582896,97564,169349,,,
582898,97564,176512,,,
582899,97564,175487,,,
582900,97564,169850,,,
582901,97564,172408,,,
582902,97564,169836,,,
582903,97564,169834,,,
582905,97564,173417,,,
582906,97564,178524,,,
582907,97564,178521,,,
582908,97564,174415,,,
582909,97564,174414,,,
582910,97564,175435,,,
582912,97564,174918,,,
582913,97564,176446,,,
582914,97564,180538,,,
582915,97564,176437,,,
582916,97564,170804,,,
582917,97564,179506,,,
582919,97564,179490,,,
582920,97564,170788,,,
582921,97564,173858,,,
582922,97564,180002,,,
582923,97564,176927,,,
582924,97564,180511,,,
582926,97564,181019,,,
582927,97564,180504,,,
582928,97564,177423,,,
582929,97564,177407,,,
582930,97564,181244,,,
582931,97564,177653,,,
582933,97564,180719,,,
582934,97564,180715,,,
582935,97564,176615,,,
582936,97564,179687,,,
582938,97564,178133,,,
582939,97564,180693,,,
582940,97564,180686,,,
582942,97564,206562,,,
582943,97564,180960,,,
582944,97564,177369,,,
582945,97564,173784,,,
582946,97564,170708,,,
582947,97564,176847,,,
582949,97564,178891,,,
582950,97564,174283,,,
582951,97564,176842,,,
582952,97564,177341,,,
582953,97564,179901,,,
582954,97564,180921,,,
582956,97564,175273,,,
582957,97564,175272,,,
582958,97564,177317,,,
582959,97564,171682,,,
582960,97564,180896,,,
582961,97564,179358,,,
582963,97564,178318,,,
582964,97564,178313,,,
582965,97564,178305,,,
582966,97564,180349,,,
582967,97564,180851,,,
582968,97564,176746,,,
582970,97564,179300,,,
582971,97564,176723,,,
582972,97564,178255,,,
582973,97564,179272,,,
582974,97564,178754,,,
582975,97564,181297,,,
582977,97564,172575,,,
582978,97564,172573,,,
582979,97564,180756,,,
582980,97564,176659,,,
582981,97564,169479,,,
582982,97564,180741,,,
582984,97570,186872,,,
582985,97570,190449,,,
582986,97570,184698,,,
582987,97570,194023,,,
582988,97570,183783,,,
582989,97570,190439,,,
582991,97570,186852,,,
582992,97570,187363,,,
582993,97570,186850,,,
582994,97570,190945,,,
582995,97570,187872,,,
582996,97570,190425,,,
582998,97570,185812,,,
582999,97570,186324,,,
583000,97570,186323,,,
583001,97570,186322,,,
583002,97570,182734,,,
583003,97570,190928,,,
583005,97570,190926,,,
583006,97570,190409,,,
583007,97570,187843,,,
583008,97570,181703,,,
583009,97570,192454,,,
583010,97570,192453,,,
583012,97570,192451,,,
583013,97570,192450,,,
583014,97570,192449,,,
583015,97570,192448,,,
583016,97570,181695,,,
583017,97570,190908,,,
583019,97570,191932,,,
583020,97570,181691,,,
583021,97570,181689,,,
583022,97570,181687,,,
583023,97570,191925,,,
583024,97570,181680,,,
583026,97570,181682,,,
583027,97570,181681,,,
583028,97570,185776,,,
583029,97570,183212,,,
583030,97570,185772,,,
583031,97570,193451,,,
583033,97570,196007,,,
583034,97570,181670,,,
583035,97570,181667,,,
583036,97570,183716,,,
583037,97570,196003,,,
583038,97570,181666,,,
583040,97570,191389,,,
583041,97570,191388,,,
583042,97570,181659,,,
583043,97570,185753,,,
583045,97570,181650,,,
583046,97570,191380,,,
583047,97570,181651,,,
583049,97570,181649,,,
583050,97570,181648,,,
583051,97570,181647,,,
583052,97570,181646,,,
583053,97570,182157,,,
583054,97570,182156,,,
583056,97570,181640,,,
583057,97570,182152,,,
583058,97570,183688,,,
583059,97570,181639,,,
583060,97570,181638,,,
583061,97570,181637,,,
583063,97570,187775,,,
583064,97570,187774,,,
583065,97570,182657,,,
583066,97570,190333,,,
583067,97570,181631,,,
583068,97570,181630,,,
583070,97570,181628,,,
583071,97570,181627,,,
583072,97570,181626,,,
583073,97570,181625,,,
583074,97570,181624,,,
583075,97570,181623,,,
583077,97570,188275,,,
583078,97570,193391,,,
583079,97570,182535,,,
583080,97570,190317,,,
583081,97570,190316,,,
583082,97570,195941,,,
583084,97570,185698,,,
583085,97570,189272,,,
583086,97570,192342,,,
583087,97570,189778,,,
583088,97570,186193,,,
583089,97570,186192,,,
583091,97570,185164,,,
583092,97570,190790,,,
583093,97570,190786,,,
583094,97570,189248,,,
583095,97570,191295,,,
583096,97570,184121,,,
583098,97570,189742,,,
583099,97570,182571,,,
583100,97570,194859,,,
583101,97570,192292,,,
583102,97570,186147,,,
583103,97570,186146,,,
583105,97570,190238,,,
583106,97570,186140,,,
583107,97570,182041,,,
583108,97570,189721,,,
583109,97570,182548,,,
583110,97570,192387,,,
583112,97570,189201,,,
583113,97570,194320,,,
583114,97570,194319,,,
583115,97570,194318,,,
583116,97570,194317,,,
583117,97570,194316,,,
583119,97570,194314,,,
583120,97570,194313,,,
583121,97570,194312,,,
583122,97570,194311,,,
583123,97570,194310,,,
583124,97570,194309,,,
583126,97570,194307,,,
583127,97570,182017,,,
583128,97570,183545,,,
583129,97570,182015,,,
583130,97570,182014,,,
583131,97570,191741,,,
583133,97570,183547,,,
583134,97570,183546,,,
583135,97570,192249,,,
583136,97570,183544,,,
583137,97570,183543,,,
583138,97570,183542,,,
583140,97570,186604,,,
583141,97570,189166,,,
583142,97570,189167,,,
583143,97570,191726,,,
583144,97570,185069,,,
583145,97570,188652,,,
583147,97570,183004,,,
583148,97570,183005,,,
583149,97570,183006,,,
583150,97570,183007,,,
583152,97570,183008,,,
583153,97570,197343,,,
583154,97570,197342,,,
583156,97570,195804,,,
583157,97570,195802,,,
583158,97570,181692,,,
583159,97570,195799,,,
583160,97570,195797,,,
583161,97570,182479,,,
583163,97570,195789,,,
583164,97570,191689,,,
583165,97570,195785,,,
583166,97570,190338,,,
583167,97570,186564,,,
583168,97570,188607,,,
583170,97570,181946,,,
583171,97570,186548,,,
583172,97570,186546,,,
583173,97570,190634,,,
583174,97570,189097,,,
583175,97570,189093,,,
583177,97570,195233,,,
583178,97570,183003,,,
583179,97570,188294,,,
583180,97570,183002,,,
583181,97570,195213,,,
583182,97570,182923,,,
583184,97570,187015,,,
583185,97570,188039,,,
583186,97570,188548,,,
583187,97570,190084,,,
583188,97570,183936,,,
583189,97570,185982,,,
583191,97570,185980,,,
583192,97570,185979,,,
583193,97570,185978,,,
583194,97570,184946,,,
583195,97570,184945,,,
583196,97570,185968,,,
583198,97570,185964,,,
583199,97570,185963,,,
583200,97570,186473,,,
583201,97570,185953,,,
583202,97570,185955,,,
583203,97570,186467,,,
583205,97570,188003,,,
583206,97570,185954,,,
583207,97570,188513,,,
583208,97570,185952,,,
583209,97570,185951,,,
583210,97570,185950,,,
583212,97570,185948,,,
583213,97570,185947,,,
583214,97570,185944,,,
583215,97570,185943,,,
583216,97570,190037,,,
583217,97570,190036,,,
583219,97570,184395,,,
583220,97570,185937,,,
583221,97570,185936,,,
583222,97570,185935,,,
583223,97570,185931,,,
583224,97570,185933,,,
583226,97570,195147,,,
583227,97570,195146,,,
583228,97570,187461,,,
583229,97570,185928,,,
583230,97570,191559,,,
583231,97570,191045,,,
583233,97570,190018,,,
583234,97570,197186,,,
583235,97570,181820,,,
583236,97570,190009,,,
583237,97570,189496,,,
583238,97570,188981,,,
583240,97570,187442,,,
583241,97570,188975,,,
583242,97570,188974,,,
583243,97570,189482,,,
583244,97570,186918,,,
583245,97570,185930,,,
583247,97570,194079,,,
583248,97570,186397,,,
583249,97570,187421,,,
583250,97570,186902,,,
583251,97570,186391,,,
583252,97570,187414,,,
583254,97570,186384,,,
583255,97570,186385,,,
583256,97570,190994,,,
583257,97570,185926,,,
583259,97570,190991,,,
583260,97570,194574,,,
583261,97570,186890,,,
583263,97570,186884,,,
583264,97570,194048,,,
583265,97591,147709,,,
583266,97591,150811,,,
583267,97591,146136,,,
583268,97591,119315,,,
583270,97591,127379,,,
583271,97591,128497,,,
583272,97591,148305,,,
583273,97591,166766,,,
583274,97591,165579,,,
583275,97591,149925,,,
583277,97598,150135,,,
583278,97598,148337,,,
583279,97598,131053,,,
583280,97598,106726,,,
583281,97598,149094,,,
583282,97598,149479,,,
583284,97598,149088,,,
583285,97598,149087,,,
583286,97598,148571,,,
583287,97598,148570,,,
583288,97598,146394,,,
583289,97598,148567,,,
583291,97598,147913,,,
583292,97598,162629,,,
583293,97598,147900,,,
583294,97598,150460,,,
583295,97598,146872,,,
583296,97598,139957,,,
583298,97598,138008,,,
583299,97598,130834,,,
583300,97598,147214,,,
583301,97598,148487,,,
583302,97598,161795,,,
583303,97598,137728,,,
583305,97604,175590,,,
583306,97604,175589,,,
583307,97579,211303,,,
583308,97615,118908,,,
583309,97615,126965,,,
583310,97615,126964,,,
583312,97615,137821,,,
583313,97615,141147,,,
583314,97615,130522,,,
583315,97615,120280,,,
583316,97615,106197,,,
583317,97615,144849,,,
583319,97615,144705,,,
583320,97615,142527,,,
583321,97615,163515,,,
583322,97615,105912,,,
583323,97615,163510,,,
583324,97615,132917,,,
583326,97615,163503,,,
583327,97615,140585,,,
583328,97615,142118,,,
583329,97615,164516,,,
583330,97615,142115,,,
583331,97615,165666,,,
583333,97615,165534,,,
583334,97615,138267,,,
583335,97615,134168,,,
583336,97615,118548,,,
583337,97615,103314,,,
583338,97615,108305,,,
583340,97615,121611,,,
583341,97615,163590,,,
583342,97615,142465,,,
583343,97619,140479,,,
583344,97619,103291,,,
583345,97619,142156,,,
583347,97619,163621,,,
583348,97619,163652,,,
583349,97619,160928,,,
583350,97620,133278,,,
583351,97620,133628,,,
583352,97629,162815,,,
583354,97629,136792,,,
583355,97629,147574,,,
583356,97629,105272,,,
583357,97629,145136,,,
583358,97629,150896,,,
583359,97629,152393,,,
583361,97629,142819,,,
583362,97632,180959,,,
583363,97632,173979,,,
583364,97636,151930,,,
583366,97636,104662,,,
583367,97636,163061,,,
583368,97636,136211,,,
583370,97636,125649,,,
583371,97636,133880,,,
583372,97636,142539,,,
583373,97636,142535,,,
583374,97636,106691,,,
583375,97636,152066,,,
583377,97638,113375,,,
583378,97642,122172,,,
583379,97648,181614,,,
583380,97649,180376,,,
583381,97649,175030,,,
583382,97649,173838,,,
583384,97649,177356,,,
583385,97659,125787,,,
583386,97659,157402,,,
583387,97659,155512,,,
583388,97659,157400,,,
583389,97659,136878,,,
583391,97659,139244,,,
583392,97659,126153,,,
583393,97659,143012,,,
583394,97659,159776,,,
583395,97662,132732,,,
583396,97662,142843,,,
583398,97662,130028,,,
583399,97662,142950,,,
583400,97662,132828,,,
583401,97662,133976,,,
583402,97662,133975,,,
583403,97662,133974,,,
583405,97662,163522,,,
583406,97662,134464,,,
583407,97662,142525,,,
583408,97662,142780,,,
583409,97662,106298,,,
583410,97662,163512,,,
583412,97662,142381,,,
583413,97662,206245,,,
583414,97662,106403,,,
583415,97662,137123,,,
583416,97662,142877,,,
583417,97662,130327,,,
583419,97662,133135,,,
583420,97662,163594,,,
583421,97662,163593,,,
583422,97662,204808,,,
583423,97662,132869,,,
583424,97662,107141,,,
583426,97667,149310,,,
583427,97667,114909,,,
583428,97667,206396,,,
583429,97667,206394,,,
583430,97667,140467,,,
583431,97667,134832,,,
583433,97667,149315,,,
583434,97667,147393,,,
583435,97667,149312,,,
583436,97671,151930,,,
583437,97671,106680,,,
583438,97671,104662,,,
583440,97671,125649,,,
583441,97671,133880,,,
583442,97671,106691,,,
583443,97671,152416,,,
583444,97676,119479,,,
583445,97676,150998,,,
583447,97676,123657,,,
583448,97676,105608,,,
583449,97676,123138,,,
583450,97676,119201,,,
583451,97676,123136,,,
583452,97684,163323,,,
583454,97684,162799,,,
583455,97684,104681,,,
583456,97684,136808,,,
583457,97684,103909,,,
583458,97684,136929,,,
583459,97684,129886,,,
583461,97684,124124,,,
583462,97684,117082,,,
583463,97684,117084,,,
583464,97684,117083,,,
583465,97684,138841,,,
583466,97684,117081,,,
583468,97684,116310,,,
583469,97684,132437,,,
583470,97684,123601,,,
583471,97684,104652,,,
583473,97684,144583,,,
583474,97684,163270,,,
583475,97684,163269,,,
583477,97684,161475,,,
583478,97684,118075,,,
583479,97684,167233,,,
583480,97684,118076,,,
583481,97684,103613,,,
583482,97684,163262,,,
583484,97684,128572,,,
583485,97684,133178,,,
583486,97684,137274,,,
583487,97684,118073,,,
583488,97684,137272,,,
583489,97684,108469,,,
583491,97684,137392,,,
583492,97684,123183,,,
583493,97684,123182,,,
583494,97684,163373,,,
583495,97684,127275,,,
583496,97684,132906,,,
583498,97684,104099,,,
583499,97684,104092,,,
583500,97684,144924,,,
583501,97684,137369,,,
583502,97684,152342,,,
583503,97684,136595,,,
583505,97684,137103,,,
583506,97684,204045,,,
583507,97684,118074,,,
583508,97684,108425,,,
583509,97684,124297,,,
583510,97684,111877,,,
583512,97684,159746,,,
583513,97687,179455,,,
583514,97687,175228,,,
583515,97687,179578,,,
583516,97687,176241,,,
583517,97687,179839,,,
583519,97687,170599,,,
583520,97687,170601,,,
583521,97687,170087,,,
583522,97687,181095,,,
583523,97687,173411,,,
583524,97687,172511,,,
583526,97687,180954,,,
583527,97687,175194,,,
583528,97687,177497,,,
583529,97687,177496,,,
583530,97687,175703,,,
583531,97687,178387,,,
583533,97687,175562,,,
583534,97687,176326,,,
583535,97687,172480,,,
583536,97687,175550,,,
583537,97687,172476,,,
583538,97687,180921,,,
583540,97687,175663,,,
583541,97687,178227,,,
583542,97687,178226,,,
583543,97687,175664,,,
583544,97687,178351,,,
583545,97687,180270,,,
583547,97687,178221,,,
583548,97687,173611,,,
583549,97687,181286,,,
583550,97687,171299,,,
583551,97687,175395,,,
583552,97687,176291,,,
583554,97687,175388,,,
583555,97687,176027,,,
583556,97687,172953,,,
583557,97687,180889,,,
583558,97687,176023,,,
583559,97687,180887,,,
583561,97687,180629,,,
583562,97687,175636,,,
583563,97687,176401,,,
583564,97687,180881,,,
583565,97687,172553,,,
583566,97687,175878,,,
583568,97688,142322,,,
583569,97688,142321,,,
583570,97688,142811,,,
583571,