82527,36353,183561,,,
182528,36353,186376,,,
182529,36353,183815,,,
182530,36348,181868,,,
182532,36348,191673,,,
182533,36357,117759,,,
182534,36357,147325,,,
182535,36357,149884,,,
182536,36357,147327,,,
182537,36357,148337,,,
182539,36357,121324,,,
182540,36357,147691,,,
182541,36357,147562,,,
182542,36357,147561,,,
182544,36357,147559,,,
182545,36357,163427,,,
182546,36357,114909,,,
182548,36357,136153,,,
182549,36357,146895,,,
182550,36357,143567,,,
182551,36357,151246,,,
182552,36357,148551,,,
182553,36357,147519,,,
182555,36357,149314,,,
182556,36357,147902,,,
182557,36357,149312,,,
182558,36357,149311,,,
182559,36357,149310,,,
182560,36357,147643,,,
182562,36357,140471,,,
182563,36357,151478,,,
182564,36357,149301,,,
182565,36357,140467,,,
182566,36357,108722,,,
182567,36357,150567,,,
182569,36357,144655,,,
182570,36357,147328,,,
182571,36357,146176,,,
182572,36410,103630,,,
182573,36410,120312,,,
182574,36360,147519,,,
182576,36360,147691,,,
182577,36360,148773,,,
182578,36360,147328,,,
182579,36395,105593,,,
182580,36395,126453,,,
182581,36395,105333,,,
182583,36395,106482,,,
182584,36395,164845,,,
182585,36395,135662,,,
182586,36395,131053,,,
182587,36395,147692,,,
182588,36395,147691,,,
182590,36395,137428,,,
182591,36395,163791,,,
182592,36395,130762,,,
182593,36395,162629,,,
182594,36395,149955,,,
182595,36395,147519,,,
182597,36395,136372,,,
182598,36395,169133,,,
182599,36395,105009,,,
182600,36395,103344,,,
182601,36395,134446,,,
182602,36395,137390,,,
182604,36395,146860,,,
182605,36395,137768,,,
182606,36395,148519,,,
182607,36395,148518,,,
182608,36395,137763,,,
182609,36395,135713,,,
182611,36395,163848,,,
182612,36395,107140,,,
182613,36395,147328,,,
182614,36420,147519,,,
182615,36420,147643,,,
182616,36420,147704,,,
182618,36420,151021,,,
182619,36420,147058,,,
182620,36420,149039,,,
182621,36420,148333,,,
182622,36420,148301,,,
182623,36420,147692,,,
182625,36420,146860,,,
182626,36420,147691,,,
182627,36420,162629,,,
182628,36420,136837,,,
182629,36420,141668,,,
182630,36420,134083,,,
182632,36420,147328,,,
182633,36380,190968,,,
182634,36380,190964,,,
182635,36380,193803,,,
182636,36380,185814,,,
182637,36380,183229,,,
182639,36380,183219,,,
182640,36380,193842,,,
182641,36380,193839,,,
182642,36380,185391,,,
182643,36380,185388,,,
182644,36380,193572,,,
182646,36380,191650,,,
182647,36380,185372,,,
182648,36380,188825,,,
182649,36380,193683,,,
182651,36380,185620,,,
182652,36380,185619,,,
182653,36380,193682,,,
182655,36380,193680,,,
182656,36380,193679,,,
182657,36380,193678,,,
182658,36380,193677,,,
182659,36380,193676,,,
182660,36380,193675,,,
182662,36380,193673,,,
182663,36380,193672,,,
182664,36380,193671,,,
182665,36380,193670,,,
182666,36380,193669,,,
182667,36388,172538,,,
182669,36388,173043,,,
182670,36388,178161,,,
182671,36388,179177,,,
182672,36388,171499,,,
182673,36388,170475,,,
182674,36388,170474,,,
182676,36388,169958,,,
182677,36388,169952,,,
182678,36388,179165,,,
182679,36388,175578,,,
182680,36388,176089,,,
182681,36388,176082,,,
182683,36388,179659,,,
182684,36388,180679,,,
182685,36388,176575,,,
182686,36388,176572,,,
182687,36388,174006,,,
182688,36388,174517,,,
182690,36388,179625,,,
182691,36388,174506,,,
182692,36388,179112,,,
182693,36388,172455,,,
182694,36388,169895,,,
182695,36388,179110,,,
182697,36388,179104,,,
182698,36388,173467,,,
182699,36388,176537,,,
182700,36388,176536,,,
182701,36388,176532,,,
182702,36388,171412,,,
182704,36388,171408,,,
182705,36388,181132,,,
182706,36388,169352,,,
182707,36388,177031,,,
182708,36388,177029,,,
182709,36388,179074,,,
182711,36388,180094,,,
182712,36388,172408,,,
182713,36388,179063,,,
182714,36388,173942,,,
182715,36388,180596,,,
182716,36388,174450,,,
182718,36388,169834,,,
182719,36388,174440,,,
182720,36388,171872,,,
182721,36388,172890,,,
182722,36388,179028,,,
182723,36388,181410,,,
182725,36388,177987,,,
182726,36388,176446,,,
182727,36388,169790,,,
182728,36388,176437,,,
182729,36388,171826,,,
182730,36388,176432,,,
182732,36388,178474,,,
182733,36388,178471,,,
182734,36388,180516,,,
182735,36388,181023,,,
182736,36388,178462,,,
182737,36388,176927,,,
182739,36388,177950,,,
182740,36388,172826,,,
182741,36388,180504,,,
182742,36388,178967,,,
182743,36388,171799,,,
182744,36388,171798,,,
182746,36388,178949,,,
182747,36388,175368,,,
182748,36388,178437,,,
182749,36388,171270,,,
182750,36388,171269,,,
182751,36388,171268,,,
182753,36388,171771,,,
182754,36388,180472,,,
182755,36388,180980,,,
182756,36388,171249,,,
182758,36388,172264,,,
182759,36388,172263,,,
182760,36388,175846,,,
182762,36388,177891,,,
182763,36388,180958,,,
182764,36388,171734,,,
182765,36388,175827,,,
182766,36388,180940,,,
182767,36388,173257,,,
182769,36388,171712,,,
182770,36388,179902,,,
182771,36388,181436,,,
182772,36388,175292,,,
182773,36388,179898,,,
182774,36388,179896,,,
182776,36388,169647,,,
182777,36388,180908,,,
182778,36388,179372,,,
182779,36388,169644,,,
182780,36388,175274,,,
182781,36388,174250,,,
182783,36388,179367,,,
182784,36388,178343,,,
182785,36388,170661,,,
182786,36388,179361,,,
182787,36388,170659,,,
182788,36388,179363,,,
182790,36388,170657,,,
182791,36388,172704,,,
182792,36388,179358,,,
182793,36388,179357,,,
182794,36388,178333,,,
182795,36388,181403,,,
182797,36388,178328,,,
182798,36388,178326,,,
182799,36388,173199,,,
182800,36388,170126,,,
182801,36388,170125,,,
182802,36388,181386,,,
182804,36388,178823,,,
182805,36388,171142,,,
182806,36388,180357,,,
182807,36388,181380,,,
182808,36388,180353,,,
182809,36388,180350,,,
182811,36388,170617,,,
182812,36388,180345,,,
182813,36388,175731,,,
182814,36388,179825,,,
182815,36388,181358,,,
182816,36388,181357,,,
182818,36388,180328,,,
182819,36388,172125,,,
182820,36388,181339,,,
182821,36388,171099,,,
182822,36388,178777,,,
182823,36388,177240,,,
182825,36388,176718,,,
182826,36388,170059,,,
182827,36388,170561,,,
182828,36388,173107,,,
182829,36388,170034,,,
182830,36388,173102,,,
182832,36388,172077,,,
182833,36388,179243,,,
182834,36388,174122,,,
182835,36388,174120,,,
182836,36388,172069,,,
182837,36388,172068,,,
182839,36388,172573,,,
182840,36388,180759,,,
182841,36388,180757,,,
182842,36388,172565,,,
182843,36388,176658,,,
182844,36388,170001,,,
182846,36388,178701,,,
182847,36388,178188,,,
182848,36388,178187,,,
182849,36383,202460,,,
182850,36383,199738,,,
182851,36383,199545,,,
182853,36383,200519,,,
182854,36383,202021,,,
182855,36396,188926,,,
182856,36396,185853,,,
182857,36396,195580,,,
182858,36396,193527,,,
182860,36396,193997,,,
182861,36396,193484,,,
182862,36396,193483,,,
182863,36396,193482,,,
182865,36396,193480,,,
182866,36396,188872,,,
182867,36396,193479,,,
182869,36396,193477,,,
182870,36396,193476,,,
182871,36396,196034,,,
182872,36396,196035,,,
182873,36396,192450,,,
182874,36396,196033,,,
182876,36396,196031,,,
182877,36396,185779,,,
182878,36396,191407,,,
182879,36396,193963,,,
182880,36396,185768,,,
182881,36396,185767,,,
182883,36396,195490,,,
182884,36396,195489,,,
182885,36396,190369,,,
182886,36396,185759,,,
182887,36396,191390,,,
182888,36396,193430,,,
182890,36396,194952,,,
182891,36396,189833,,,
182892,36396,188809,,,
182893,36396,184202,,,
182894,36396,184201,,,
182895,36396,188808,,,
182897,36396,188802,,,
182898,36396,187775,,,
182899,36396,188275,,,
182900,36396,185705,,,
182901,36396,189272,,,
182902,36396,189778,,,
182904,36396,185676,,,
182905,36396,188232,,,
182906,36396,185671,,,
182907,36396,185669,,,
182908,36396,189742,,,
182909,36396,182573,,,
182911,36396,196905,,,
182912,36396,184618,,,
182913,36396,184617,,,
182914,36396,192806,,,
182915,36396,184615,,,
182916,36396,184614,,,
182918,36396,185635,,,
182919,36396,188672,,,
182920,36396,194302,,,
182921,36396,194301,,,
182922,36396,188652,,,
182923,36396,192233,,,
182925,36396,192231,,,
182926,36396,188642,,,
182927,36396,186079,,,
182928,36396,182479,,,
182929,36396,185529,,,
182930,36396,193692,,,
182932,36396,182416,,,
182933,36396,182415,,,
182934,36396,192652,,,
182935,36396,184459,,,
182936,36396,194684,,,
182937,36396,184441,,,
182939,36396,181857,,,
182940,36396,181853,,,
182941,36396,194635,,,
182942,36396,188995,,,
182943,36396,193594,,,
182944,36396,195129,,,
182946,36396,191016,,,
182947,36396,191015,,,
182948,36396,193572,,,
182949,36396,191515,,,
182950,36396,187924,,,
182951,36396,190994,,,
182953,36396,188928,,,
182954,36367,151282,,,
182955,36367,149745,,,
182956,36367,149363,,,
182957,36367,149362,,,
182958,36367,149361,,,
182960,36367,149360,,,
182961,36367,147443,,,
182962,36367,147442,,,
182963,36367,147441,,,
182964,36367,147440,,,
182965,36367,147439,,,
182967,36367,121324,,,
182968,36367,145769,,,
182969,36367,131301,,,
182970,36367,134624,,,
182972,36367,114909,,,
182973,36367,150109,,,
182974,36367,143567,,,
182976,36367,115531,,,
182977,36367,148552,,,
182978,36367,149315,,,
182979,36367,149314,,,
182980,36367,149312,,,
182981,36367,149311,,,
182983,36367,150461,,,
182984,36367,140467,,,
182985,36367,150954,,,
182986,36367,121386,,,
182987,36367,150953,,,
182988,36367,150567,,,
182990,36367,147604,,,
182991,36367,148738,,,
182992,36367,151424,,,
182993,36419,161562,,,
182994,36419,126070,,,
182995,36419,106542,,,
182997,36419,122346,,,
182998,36419,150921,,,
182999,36419,131014,,,
183000,36419,136066,,,
183001,36419,148067,,,
183002,36419,103746,,,
183004,36419,119072,,,
183005,36372,172408,,,
183006,36372,173809,,,
183007,36372,180715,,,
183008,36372,170733,,,
183009,36372,169836,,,
183011,36372,169834,,,
183012,36372,179687,,,
183013,36372,176615,,,
183014,36372,177369,,,
183015,36372,173784,,,
183016,36372,180693,,,
183018,36372,176723,,,
183019,36372,176847,,,
183020,36372,180686,,,
183021,36372,178891,,,
183022,36372,170942,,,
183023,36372,176575,,,
183025,36372,179901,,,
183026,36372,176437,,,
183027,36372,176432,,,
183028,36372,174250,,,
183029,36372,178598,,,
183030,36372,178595,,,
183032,36372,172575,,,
183033,36372,176927,,,
183034,36372,180511,,,
183035,36372,179358,,,
183036,36372,172573,,,
183037,36372,176537,,,
183039,36372,180504,,,
183040,36372,180756,,,
183041,36372,177038,,,
183042,36372,180741,,,
183043,36372,176512,,,
183044,36409,116675,,,
183046,36401,189598,,,
183047,36401,188664,,,
183048,36401,189781,,,
183049,36401,189875,,,
183050,36401,190800,,,
183051,36401,189296,,,
183053,36401,189740,,,
183054,36401,182827,,,
183055,36401,182826,,,
183056,36401,193417,,,
183057,36401,189670,,,
183058,36401,186662,,,
183060,36401,190272,,,
183061,36418,106365,,,
183062,36418,103318,,,
183063,36418,106033,,,
183064,36418,165358,,,
183065,36418,144428,,,
183067,36418,161385,,,
183068,36418,137958,,,
183069,36418,106565,,,
183070,36418,139842,,,
183071,36412,127003,,,
183072,36412,130416,,,
183074,36412,130277,,,
183075,36412,126021,,,
183076,36412,130275,,,
183077,36391,177340,,,
183079,36391,173944,,,
183080,36391,180503,,,
183081,36391,180502,,,
183083,36391,179823,,,
183084,36391,179436,,,
183085,36391,177956,,,
183086,36391,177382,,,
183087,36391,173669,,,
183088,36391,171172,,,
183090,36391,180195,,,
183091,36391,172481,,,
183092,36371,180735,,,
183093,36371,180724,,,
183094,36371,176115,,,
183095,36371,179698,,,
183097,36371,180715,,,
183098,36371,180712,,,
183099,36371,181213,,,
183100,36371,180698,,,
183101,36371,180693,,,
183102,36371,173516,,,
183104,36371,169415,,,
183105,36371,178117,,,
183106,36371,169920,,,
183107,36371,175038,,,
183108,36371,174008,,,
183109,36371,172458,,,
183111,36371,178595,,,
183112,36371,172950,,,
183113,36371,172949,,,
183114,36371,176015,,,
183115,36371,170873,,,
183116,36371,170871,,,
183118,36371,169836,,,
183119,36371,169834,,,
183120,36371,181084,,,
183121,36371,181083,,,
183122,36371,181082,,,
183123,36371,181070,,,
183125,36371,174414,,,
183126,36371,170831,,,
183127,36371,170830,,,
183128,36371,179011,,,
183129,36371,177461,,,
183130,36371,181041,,,
183132,36371,170790,,,
183133,36371,170788,,,
183134,36371,180002,,,
183135,36371,173858,,,
183136,36371,181024,,,
183137,36371,181023,,,
183139,36371,180504,,,
183140,36371,177403,,,
183141,36371,177401,,,
183142,36371,172784,,,
183143,36371,172782,,,
183144,36371,172781,,,
183146,36371,179426,,,
183147,36371,178891,,,
183148,36371,174284,,,
183149,36371,177355,,,
183150,36371,180938,,,
183151,36371,171199,,,
183153,36371,180921,,,
183154,36371,172722,,,
183155,36371,172721,,,
183156,36371,180901,,,
183157,36371,174242,,,
183158,36371,171682,,,
183160,36371,180893,,,
183161,36371,180379,,,
183162,36371,180362,,,
183163,36371,172166,,,
183164,36371,170617,,,
183165,36371,174194,,,
183167,36371,175717,,,
183168,36371,174692,,,
183169,36371,175711,,,
183170,36371,180793,,,
183171,36371,181297,,,
183172,36371,172592,,,
183174,36371,180779,,,
183175,36371,205860,,,
183176,36371,179739,,,
183177,36371,180756,,,
183178,36371,178706,,,
183179,36371,178192,,,
183181,36371,178187,,,
183182,36371,175626,,,
183183,36371,180744,,,
183184,36371,180743,,,
183186,36371,181253,,,
183187,36415,201951,,,
183188,36415,201950,,,
183190,36415,200858,,,
183191,36415,200857,,,
183192,36415,200856,,,
183193,36415,199636,,,
183194,36415,200562,,,
183195,36415,202897,,,
183197,36415,201710,,,
183198,36415,200556,,,
183199,36415,200615,,,
183200,36369,152093,,,
183201,36369,108058,,,
183202,36369,120957,,,
183204,36369,137163,,,
183205,36369,137671,,,
183206,36369,160613,,,
183207,36369,104133,,,
183208,36369,104132,,,
183209,36369,108129,,,
183211,36369,108065,,,
183212,36369,108064,,,
183213,36347,127295,,,
183214,36347,163742,,,
183215,36347,146168,,,
183216,36347,116909,,,
183218,36365,199934,,,
183219,36365,199677,,,
183220,36365,199676,,,
183221,36365,199675,,,
183222,36365,199418,,,
183223,36365,199417,,,
183225,36365,199414,,,
183226,36365,199413,,,
183227,36365,199411,,,
183228,36365,199410,,,
183229,36365,199409,,,
183230,36365,199407,,,
183232,36365,199522,,,
183233,36365,199518,,,
183234,36365,200023,,,
183235,36365,199509,,,
183236,36365,199422,,,
183237,36365,199421,,,
183239,36365,199500,,,
183240,36365,199498,,,
183241,36365,199370,,,
183242,36365,199497,,,
183243,36365,199496,,,
183244,36365,199621,,,
183246,36365,199493,,,
183247,36365,199492,,,
183248,36365,199491,,,
183249,36365,199358,,,
183250,36365,200378,,,
183251,36365,199734,,,
183253,36365,199604,,,
183254,36365,199603,,,
183255,36365,199476,,,
183256,36365,199475,,,
183257,36365,199602,,,
183258,36365,199472,,,
183260,36365,201005,,,
183261,36365,199462,,,
183262,36365,202533,,,
183263,36365,199459,,,
183264,36365,199454,,,
183265,36365,200222,,,
183267,36365,199420,,,
183268,36365,199435,,,
183269,36365,199561,,,
183270,36365,202372,,,
183271,36365,199936,,,
183272,36370,169854,,,
183274,36370,178678,,,
183275,36370,180722,,,
183276,36370,206576,,,
183277,36370,206575,,,
183278,36370,181230,,,
183279,36370,174020,,,
183281,36370,205368,,,
183282,36370,174263,,,
183283,36370,205367,,,
183284,36370,205366,,,
183285,36370,180779,,,
183286,36370,178987,,,
183288,36370,180767,,,
183289,36370,177182,,,
183290,36370,179356,,,
183291,36370,170393,,,
183293,36370,179351,,,
183294,36370,179350,,,
183295,36370,178195,,,
183297,36350,111165,,,
183298,36350,109756,,,
183299,36350,138616,,,
183300,36350,111127,,,
183301,36350,112438,,,
183302,36350,111087,,,
183304,36350,111148,,,
183305,36350,112327,,,
183306,36381,199514,,,
183307,36381,200025,,,
183308,36381,200022,,,
183309,36381,202902,,,
183311,36381,200815,,,
183312,36381,199753,,,
183313,36414,180831,,,
183314,36414,181277,,,
183315,36414,181243,,,
183316,36414,176116,,,
183318,36414,181041,,,
183319,36414,181262,,,
183320,36414,181260,,,
183321,36414,172812,,,
183322,36414,180893,,,
183323,36414,178022,,,
183325,36414,169825,,,
183326,36392,185343,,,
183327,36392,184446,,,
183328,36392,190844,,,
183329,36392,183156,,,
183330,36392,183154,,,
183332,36392,190957,,,
183333,36392,190952,,,
183334,36392,185578,,,
183335,36392,184041,,,
183336,36392,184040,,,
183337,36392,194403,,,
183339,36392,194402,,,
183340,36392,189538,,,
183341,36392,188386,,,
183342,36392,195126,,,
183343,36392,184413,,,
183344,36392,195420,,,
183346,36392,189653,,,
183347,36392,192586,,,
183348,36392,189644,,,
183349,36392,192584,,,
183350,36392,192202,,,
183351,36392,191432,,,
183353,36392,189636,,,
183354,36392,188228,,,
183355,36392,195904,,,
183356,36392,184767,,,
183357,36392,183872,,,
183358,36392,183871,,,
183360,36392,183869,,,
183361,36392,183868,,,
183362,36392,183867,,,
183363,36392,183866,,,
183364,36392,183865,,,
183365,36392,183864,,,
183367,36392,191030,,,
183368,36392,191029,,,
183369,36392,192691,,,
183370,36392,184368,,,
183371,36392,195501,,,
183372,36392,195500,,,
183374,36392,184614,,,
183375,36392,185253,,,
183376,36392,195363,,,
183377,36392,192674,,,
183378,36392,194970,,,
183379,36392,181912,,,
183381,36392,191505,,,
183382,36392,184458,,,
183383,36392,184457,,,
183384,36392,186625,,,
183385,36394,193535,,,
183386,36394,189438,,,
183388,36394,189435,,,
183389,36394,186360,,,
183390,36394,194039,,,
183391,36394,194028,,,
183392,36394,195046,,,
183393,36394,191968,,,
183395,36394,188863,,,
183396,36394,184247,,,
183397,36394,185767,,,
183398,36394,191895,,,
183400,36394,189334,,,
183401,36394,193424,,,
183402,36394,193423,,,
183404,36394,188301,,,
183405,36394,189310,,,
183406,36394,189308,,,
183407,36394,189316,,,
183408,36394,189315,,,
183409,36394,189314,,,
183411,36394,189312,,,
183412,36394,189311,,,
183413,36394,189307,,,
183414,36394,189309,,,
183415,36394,189306,,,
183416,36394,189304,,,
183418,36394,189305,,,
183419,36394,182648,,,
183420,36394,189303,,,
183421,36394,189302,,,
183422,36394,189301,,,
183423,36394,189300,,,
183425,36394,189298,,,
183426,36394,189297,,,
183427,36394,189296,,,
183428,36394,190827,,,
183429,36394,193384,,,
183430,36394,190818,,,
183432,36394,183132,,,
183433,36394,189786,,,
183434,36394,189784,,,
183435,36394,189781,,,
183436,36394,189780,,,
183437,36394,189776,,,
183439,36394,188238,,,
183440,36394,189772,,,
183441,36394,189770,,,
183442,36394,188745,,,
183443,36394,189768,,,
183444,36394,190274,,,
183446,36394,190272,,,
183447,36394,187711,,,
183448,36394,189755,,,
183449,36394,189754,,,
183450,36394,189753,,,
183451,36394,189752,,,
183453,36394,187704,,,
183454,36394,185649,,,
183455,36394,189740,,,
183456,36394,189739,,,
183457,36394,197925,,,
183458,36394,181530,,,
183460,36394,189943,,,
183461,36394,191233,,,
183462,36394,198908,,,
183463,36394,188664,,,
183464,36394,188661,,,
183465,36394,193769,,,
183467,36394,189671,,,
183468,36394,189670,,,
183469,36394,193765,,,
183470,36394,189666,,,
183471,36394,190175,,,
183472,36394,188637,,,
183474,36394,192203,,,
183475,36394,192202,,,
183476,36394,192201,,,
183477,36394,186367,,,
183478,36394,190139,,,
183479,36394,195767,,,
183481,36394,190132,,,
183482,36394,184483,,,
183483,36394,189598,,,
183484,36394,189596,,,
183485,36394,194692,,,
183486,36394,194691,,,
183488,36394,186477,,,
183489,36394,184939,,,
183490,36394,194665,,,
183491,36394,185439,,,
183492,36394,185403,,,
183493,36394,185911,,,
183495,36394,190515,,,
183496,36394,182827,,,
183497,36394,186406,,,
183498,36394,192545,,,
183499,36394,190497,,,
183500,36394,190488,,,
183502,36394,190981,,,
183503,36394,194052,,,
183504,36394,194051,,,
183505,36363,201023,,,
183507,36363,201563,,,
183508,36363,202836,,,
183509,36363,200598,,,
183511,36363,200599,,,
183512,36363,199798,,,
183513,36363,199796,,,
183514,36363,199540,,,
183515,36363,202895,,,
183516,36363,199949,,,
183518,36363,199565,,,
183519,36363,199719,,,
183520,36363,199685,,,
183521,36363,201024,,,
183522,36363,200224,,,
183523,36379,141053,,,
183525,36379,121337,,,
183526,36379,142959,,,
183527,36379,142444,,,
183528,36379,142953,,,
183529,36379,141147,,,
183530,36379,120154,,,
183532,36379,142426,,,
183533,36379,120150,,,
183534,36379,120149,,,
183535,36379,120148,,,
183536,36379,106696,,,
183537,36379,141126,,,
183539,36379,163764,,,
183540,36379,165666,,,
183541,36379,117914,,,
183542,36379,103314,,,
183543,36379,116234,,,
183544,36379,141319,,,
183546,36379,142465,,,
183547,36352,175541,,,
183548,36352,175820,,,
183549,36352,175546,,,
183550,36411,128379,,,
183551,36411,103546,,,
183553,36411,131959,,,
183554,36411,131180,,,
183555,36411,126430,,,
183556,36411,169173,,,
183557,36411,130505,,,
183558,36411,107385,,,
183560,36411,166594,,,
183561,36411,105790,,,
183562,36411,140734,,,
183563,36411,130235,,,
183564,36411,161722,,,
183565,36411,141113,,,
183567,36411,107957,,,
183568,36411,140724,,,
183569,36411,119219,,,
183570,36411,140713,,,
183571,36411,163110,,,
183572,36411,140838,,,
183574,36411,117148,,,
183575,36411,117147,,,
183576,36411,118804,,,
183577,36411,126738,,,
183578,36411,106125,,,
183579,36411,105863,,,
183581,36411,104194,,,
183582,36354,147630,,,
183583,36354,140299,,,
183584,36354,138464,,,
183585,36378,150489,,,
183586,36378,151444,,,
183588,36378,147880,,,
183589,36378,147879,,,
183590,36378,118532,,,
183591,36378,118531,,,
183592,36358,128351,,,
183593,36358,160702,,,
183595,36358,120120,,,
183596,36358,103862,,,
183597,36358,130256,,,
183598,36358,128171,,,
183599,36358,130249,,,
183600,36358,128167,,,
183602,36358,124166,,,
183603,36358,107142,,,
183604,36358,130821,,,
183605,36358,107139,,,
183606,36358,161539,,,
183607,36358,104962,,,
183609,36382,161021,,,
183610,36382,140668,,,
183611,36382,166906,,,
183612,36382,104825,,,
183614,36382,160495,,,
183615,36382,140526,,,
183616,36382,134378,,,
183618,36382,165479,,,
183619,36382,120167,,,
183620,36382,160355,,,
183621,36382,160855,,,
183622,36382,127190,,,
183623,36382,152016,,,
183625,36382,107723,,,
183626,36382,131018,,,
183627,36382,205380,,,
183628,36382,123588,,,
183629,36382,123587,,,
183630,36382,141632,,,
183632,36382,116413,,,
183633,36382,133309,,,
183634,36382,116412,,,
183635,36382,164539,,,
183636,36382,126263,,,
183637,36382,162871,,,
183639,36382,105265,,,
183640,36382,124077,,,
183641,36382,134819,,,
183642,36382,130851,,,
183643,36382,138014,,,
183644,36382,161181,,,
183646,36382,134419,,,
183647,36382,133777,,,
183648,36382,131217,,,
183649,36382,131340,,,
183650,36382,135946,,,
183651,36382,136583,,,
183653,36382,160770,,,
183654,36382,134273,,,
183655,36408,200670,,,
183656,36433,142112,,,
183657,36448,197785,,,
183658,36448,197488,,,
183660,36493,120225,,,
183661,36493,120224,,,
183662,36488,169596,,,
183663,36488,171131,,,
183664,36488,171124,,,
183665,36488,173042,,,
183667,36488,176617,,,
183668,36488,173283,,,
183669,36488,179424,,,
183670,36488,179289,,,
183671,36488,174937,,,
183672,36488,179288,,,
183674,36488,179139,,,
183675,36488,171460,,,
183676,36488,171459,,,
183677,36488,175552,,,
183678,36488,171072,,,
183679,36488,174911,,,
183681,36488,174909,,,
183682,36488,175163,,,
183683,36488,170293,,,
183684,36488,174512,,,
183685,36488,174507,,,
183686,36488,175144,,,
183688,36488,170402,,,
183689,36488,176544,,,
183690,36488,174236,,,
183691,36488,171418,,,
183692,36488,172441,,,
183693,36488,174987,,,
183695,36464,189726,,,
183696,36464,189725,,,
183697,36464,189724,,,
183698,36464,189723,,,
183699,36464,189722,,,
183700,36464,189721,,,
183702,36464,189719,,,
183703,36464,189718,,,
183704,36464,188841,,,
183705,36464,188840,,,
183706,36464,188839,,,
183707,36464,189733,,,
183709,36464,189731,,,
183710,36464,189730,,,
183711,36464,189729,,,
183712,36464,189728,,,
183713,36490,187902,,,
183714,36490,184825,,,
183716,36490,186984,,,
183717,36490,182502,,,
183718,36490,185185,,,
183719,36490,183012,,,
183721,36490,182498,,,
183722,36490,185184,,,
183723,36490,182496,,,
183725,36490,185564,,,
183726,36490,192983,,,
183727,36490,188374,,,
183728,36490,187475,,,
183729,36490,188369,,,
183730,36490,183120,,,
183732,36490,181837,,,
183733,36490,192972,,,
183734,36490,183627,,,
183735,36490,194634,,,
183736,36490,193861,,,
183737,36490,190783,,,
183739,36490,190769,,,
183740,36490,183216,,,
183741,36490,183215,,,
183742,36490,192046,,,
183743,36490,192426,,,
183744,36490,188073,,,
183746,36490,190117,,,
183747,36490,190110,,,
183748,36490,193427,,,
183749,36490,193425,,,
183750,36490,191633,,,
183751,36490,188049,,,
183753,36490,181902,,,
183754,36490,183564,,,
183755,36490,191371,,,
183756,36490,183561,,,
183757,36490,187908,,,
183758,36490,186627,,,
183760,36504,126363,,,
183761,36504,126361,,,
183762,36504,130936,,,
183763,36504,146127,,,
183764,36504,130958,,,
183765,36504,108718,,,
183767,36504,166220,,,
183768,36504,153035,,,
183769,36504,140937,,,
183770,36504,135721,,,
183771,36479,107391,,,
183772,36479,133886,,,
183774,36479,165747,,,
183775,36479,142194,,,
183776,36479,162288,,,
183777,36479,128239,,,
183778,36479,133350,,,
183779,36479,160613,,,
183781,36479,132705,,,
183782,36479,134234,,,
183783,36479,140632,,,
183784,36479,169297,,,
183785,36479,163662,,,
183786,36479,134090,,,
183788,36479,204870,,,
183789,36479,205379,,,
183790,36479,205378,,,
183791,36479,205377,,,
183792,36479,127927,,,
183793,36479,104063,,,
183795,36479,134309,,,
183796,36479,134308,,,
183797,36479,134307,,,
183798,36479,134305,,,
183799,36479,133404,,,
183800,36479,133403,,,
183802,36479,140951,,,
183803,36479,133394,,,
183804,36479,136336,,,
183805,36479,133005,,,
183806,36479,141323,,,
183807,36479,136711,,,
183809,36479,136709,,,
183810,36422,113375,,,
183811,36422,113918,,,
183812,36422,113975,,,
183813,36422,140588,,,
183814,36422,113926,,,
183816,36474,116660,,,
183817,36474,147539,,,
183818,36474,142258,,,
183819,36474,151440,,,
183820,36474,151438,,,
183821,36474,162734,,,
183823,36473,168272,,,
183824,36473,168271,,,
183825,36473,130958,,,
183826,36473,127372,,,
183828,36475,180000,,,
183829,36475,177439,,,
183830,36475,176927,,,
183832,36475,180507,,,
183833,36475,178459,,,
183834,36475,179993,,,
183835,36475,181011,,,
183836,36475,181008,,,
183837,36475,178449,,,
183839,36475,181007,,,
183840,36475,179983,,,
183841,36475,178446,,,
183842,36475,170759,,,
183843,36475,180486,,,
183844,36475,180485,,,
183846,36475,170752,,,
183847,36475,171774,,,
183848,36475,180988,,,
183849,36475,178426,,,
183850,36475,176366,,,
183851,36475,171244,,,
183853,36475,169704,,,
183854,36475,178407,,,
183855,36475,172772,,,
183856,36475,179425,,,
183857,36475,179418,,,
183858,36475,177375,,,
183860,36475,173789,,,
183861,36475,173788,,,
183862,36475,173787,,,
183863,36475,179417,,,
183864,36475,178393,,,
183865,36475,173270,,,
183867,36475,171733,,,
183868,36475,176847,,,
183869,36475,177870,,,
183870,36475,175818,,,
183871,36475,174284,,,
183872,36475,173259,,,
183874,36475,179399,,,
183875,36475,179398,,,
183876,36475,175814,,,
183877,36475,177858,,,
183878,36475,175810,,,
183879,36475,175807,,,
183881,36475,170686,,,
183882,36475,170685,,,
183883,36475,179895,,,
183884,36475,178352,,,
183885,36475,179370,,,
183886,36475,174250,,,
183888,36475,171688,,,
183889,36475,172199,,,
183890,36475,171682,,,
183891,36475,173726,,,
183892,36475,173207,,,
183893,36475,174224,,,
183895,36475,179341,,,
183896,36475,180876,,,
183897,36475,180873,,,
183898,36475,180872,,,
183899,36475,180358,,,
183900,36475,179331,,,
183902,36475,179329,,,
183903,36475,177279,,,
183904,36475,180853,,,
183905,36475,177780,,,
183906,36475,172144,,,
183907,36475,169585,,,
183909,36475,180334,,,
183910,36475,181242,,,
183911,36475,175607,,,
183912,36475,174068,,,
183913,36475,174067,,,
183914,36475,175600,,,
183916,36475,172525,,,
183917,36475,175596,,,
183918,36475,178146,,,
183919,36475,172515,,,
183920,36475,172514,,,
183921,36475,179681,,,
183923,36475,173020,,,
183924,36475,181210,,,
183925,36475,179158,,,
183926,36475,181204,,,
183927,36475,180686,,,
183928,36475,175570,,,
183930,36475,180176,,,
183931,36475,169423,,,
183932,36475,169934,,,
183933,36475,180172,,,
183935,36475,177090,,,
183936,36475,174530,,,
183937,36475,174528,,,
183939,36475,171966,,,
183940,36475,181178,,,
183941,36475,179130,,,
183942,36475,179129,,,
183943,36475,178099,,,
183944,36475,176564,,,
183946,36475,174515,,,
183947,36475,178093,,,
183948,36475,174506,,,
183949,36475,179113,,,
183950,36475,178598,,,
183951,36475,172447,,,
183953,36475,172436,,,
183954,36475,178578,,,
183955,36475,176017,,,
183956,36475,176015,,,
183957,36475,177549,,,
183958,36475,174477,,,
183960,36475,180613,,,
183961,36475,172425,,,
183962,36475,176008,,,
183963,36475,173959,,,
183964,36475,173958,,,
183965,36475,169349,,,
183967,36475,176514,,,
183968,36475,174464,,,
183969,36475,173953,,,
183970,36475,173952,,,
183971,36475,175485,,,
183972,36475,171893,,,
183974,36475,177521,,,
183975,36475,177519,,,
183976,36475,169324,,,
183977,36475,173930,,,
183978,36475,177513,,,
183979,36475,178531,,,
183981,36475,175966,,,
183982,36475,181085,,,
183983,36475,179034,,,
183984,36475,179033,,,
183985,36475,178008,,,
183986,36475,179029,,,
183988,36475,179026,,,
183989,36475,173394,,,
183990,36475,176977,,,
183991,36475,179022,,,
183992,36475,178508,,,
183993,36475,179017,,,
183995,36475,172358,,,
183996,36475,172357,,,
183997,36475,179011,,,
183998,36475,170302,,,
183999,36475,180027,,,
184000,36475,179512,,,
184002,36475,171833,,,
184003,36475,176952,,,
184004,36475,179511,,,
184005,36475,177460,,,
184006,36475,169780,,,
184007,36475,181037,,,
184009,36475,176423,,,
184010,36475,180517,,,
184011,36475,178469,,,
184012,36475,181025,,,
184013,36475,180515,,,
184014,36475,181023,,,
184016,36475,174185,,,
184017,36475,172137,,,
184018,36475,180328,,,
184019,36475,181350,,,
184020,36475,181349,,,
184021,36475,169571,,,
184023,36475,175198,,,
184024,36475,180825,,,
184025,36475,177750,,,
184026,36475,177749,,,
184027,36475,179796,,,
184028,36475,177747,,,
184030,36475,177744,,,
184031,36475,177743,,,
184032,36475,181319,,,
184033,36475,179786,,,
184034,36475,171593,,,
184035,36475,179272,,,
184037,36475,181318,,,
184038,36475,180794,,,
184039,36475,175674,,,
184040,36475,175673,,,
184042,36475,180791,,,
184043,36475,169526,,,
184044,36475,180785,,,
184046,36475,170027,,,
184047,36475,171563,,,
184048,36475,180264,,,
184049,36475,174107,,,
184050,36475,177687,,,
184051,36475,181271,,,
184053,36475,174100,,,
184054,36475,180241,,,
184055,36475,172555,,,
184056,36475,175106,,,
184057,36500,131067,,,
184058,36500,104694,,,
184060,36500,131058,,,
184061,36500,119663,,,
184062,36500,120685,,,
184063,36500,142056,,,
184064,36500,142180,,,
184065,36500,160352,,,
184067,36500,160332,,,
184068,36500,144459,,,
184069,36500,144458,,,
184070,36500,126793,,,
184071,36500,142790,,,
184072,36500,141126,,,
184074,36500,141121,,,
184075,36500,165817,,,
184076,36500,128312,,,
184077,36500,160823,,,
184078,36500,134833,,,
184079,36500,141231,,,
184081,36500,142508,,,
184082,36500,129836,,,
184083,36500,133415,,,
184084,36500,128291,,,
184085,36500,131999,,,
184086,36500,128287,,,
184088,36500,105113,,,
184089,36500,132631,,,
184090,36500,132630,,,
184091,36500,132629,,,
184092,36500,163599,,,
184093,36500,144904,,,
184095,36500,132613,,,
184096,36500,105860,,,
184097,36500,123139,,,
184098,36500,104194,,,
184099,36500,142465,,,
184100,36500,132608,,,
184102,36436,177403,,,
184103,36436,174713,,,
184104,36436,175351,,,
184105,36436,178283,,,
184106,36436,174699,,,
184107,36436,178282,,,
184109,36436,174695,,,
184110,36436,179045,,,
184111,36436,175075,,,
184112,36436,174690,,,
184113,36436,174688,,,
184114,36436,181215,,,
184116,36436,174684,,,
184117,36436,176471,,,
184118,36436,178641,,,
184119,36436,175052,,,
184120,36436,172999,,,
184121,36436,177094,,,
184123,36436,177720,,,
184124,36436,176693,,,
184125,36436,170292,,,
184126,36436,176691,,,
184127,36436,179506,,,
184128,36436,169777,,,
184130,36436,180775,,,
184131,36436,174758,,,
184132,36436,174757,,,
184133,36436,171172,,,
184134,36436,179619,,,
184135,36436,170782,,,
184137,36436,177818,,,
184138,36436,175001,,,
184139,36436,177945,,,
184140,36436,175000,,,
184141,36436,176791,,,
184142,36436,174997,,,
184144,36436,177938,,,
184145,36436,176141,,,
184146,36436,170892,,,
184147,36436,175370,,,
184149,36505,140541,,,
184150,36505,130460,,,
184151,36505,142170,,,
184153,36505,157798,,,
184154,36505,152773,,,
184155,36505,127332,,,
184156,36505,145153,,,
184157,36505,139265,,,
184158,36505,155136,,,
184160,36469,106237,,,
184161,36469,137433,,,
184162,36469,123701,,,
184163,36469,144787,,,
184164,36469,127826,,,
184165,36469,121673,,,
184167,36469,144773,,,
184168,36469,162721,,,
184169,36457,194637,,,
184170,36457,189756,,,
184171,36457,185202,,,
184172,36440,147519,,,
184174,36440,150065,,,
184175,36440,148592,,,
184176,36440,150064,,,
184177,36440,148591,,,
184178,36440,147691,,,
184179,36440,147328,,,
184181,36487,181243,,,
184182,36487,179702,,,
184183,36487,175602,,,
184184,36487,175600,,,
184185,36487,180203,,,
184186,36487,179177,,,
184188,36487,178657,,,
184189,36487,173023,,,
184190,36487,173022,,,
184191,36487,173020,,,
184192,36487,178643,,,
184193,36487,178131,,,
184195,36487,174546,,,
184196,36487,177103,,,
184197,36487,176590,,,
184198,36487,176589,,,
184199,36487,174028,,,
184200,36487,174538,,,
184202,36487,181184,,,
184203,36487,177090,,,
184204,36487,174528,,,
184205,36487,172992,,,
184206,36487,172480,,,
184207,36487,174527,,,
184209,36487,174525,,,
184210,36487,175548,,,
184211,36487,172985,,,
184212,36487,179635,,,
184213,36487,176562,,,
184214,36487,169384,,,
184216,36487,170911,,,
184217,36487,169886,,,
184218,36487,176027,,,
184219,36487,172953,,,
184220,36487,171417,,,
184221,36487,176023,,,
184223,36487,172436,,,
184224,36487,175503,,,
184225,36487,174477,,,
184226,36487,180108,,,
184227,36487,177545,,,
184228,36487,177544,,,
184230,36487,181122,,,
184231,36487,177021,,,
184232,36487,174973,,,
184233,36487,176504,,,
184234,36487,174969,,,
184235,36487,174968,,,
184237,36487,171893,,,
184238,36487,174962,,,
184239,36487,176494,,,
184240,36487,173423,,,
184241,36487,171886,,,
184242,36487,169324,,,
184244,36487,176488,,,
184245,36487,176487,,,
184246,36487,171876,,,
184247,36487,171875,,,
184248,36487,181086,,,
184249,36487,169825,,,
184251,36487,176479,,,
184252,36487,176478,,,
184253,36487,178013,,,
184254,36487,170330,,,
184256,36487,174420,,,
184257,36487,170835,,,
184258,36487,179011,,,
184260,36487,179518,,,
184261,36487,180027,,,
184262,36487,170296,,,
184263,36487,171315,,,
184264,36487,176434,,,
184265,36487,180015,,,
184267,36487,172332,,,
184268,36487,174891,,,
184269,36487,177961,,,
184270,36487,174884,,,
184271,36487,174883,,,
184272,36487,177439,,,
184274,36487,172317,,,
184275,36487,178459,,,
184276,36487,177430,,,
184277,36487,180501,,,
184278,36487,181011,,,
184279,36487,169747,,,
184281,36487,181007,,,
184282,36487,179983,,,
184283,36487,173835,,,
184284,36487,175371,,,
184285,36487,173834,,,
184286,36487,175878,,,
184288,36487,180988,,,
184289,36487,179445,,,
184290,36487,175860,,,
184291,36487,179953,,,
184292,36487,176366,,,
184293,36487,179949,,,
184295,36487,172772,,,
184296,36487,179418,,,
184297,36487,172245,,,
184298,36487,170198,,,
184299,36487,169685,,,
184300,36487,180410,,,
184302,36487,175281,,,
184303,36487,175279,,,
184304,36487,172199,,,
184305,36487,180889,,,
184306,36487,180887,,,
184307,36487,174224,,,
184309,36487,173195,,,
184310,36487,170118,,,
184311,36487,179331,,,
184312,36487,179329,,,
184313,36487,175228,,,
184314,36487,180853,,,
184316,36487,176241,,,
184317,36487,175216,,,
184318,36487,175725,,,
184319,36487,175722,,,
184320,36487,181351,,,
184321,36487,181346,,,
184323,36487,180834,,,
184324,36487,180828,,,
184325,36487,177241,,,
184326,36487,180295,,,
184327,36487,175167,,,
184328,36487,171070,,,
184330,36487,171064,,,
184331,36487,180277,,,
184332,36487,179766,,,
184333,36487,179765,,,
184334,36487,179759,,,
184335,36487,176168,,,
184337,36487,169508,,,
184338,36487,176674,,,
184339,36487,176162,,,
184340,36487,174623,,,
184341,36487,180763,,,
184342,36487,181271,,,
184344,36487,175636,,,
184345,36487,174100,,,
184346,36487,180241,,,
184347,36487,171023,,,
184348,36487,180749,,,
184349,36487,172557,,,
184351,36487,175114,,,
184352,36487,179721,,,
184353,36487,175624,,,
184354,36487,175106,,,
184355,36487,175104,,,
184356,36484,129816,,,
184358,36484,162960,,,
184359,36484,141132,,,
184360,36484,129666,,,
184361,36468,177147,,,
184363,36468,170998,,,
184364,36468,179698,,,
184365,36468,174579,,,
184367,36468,174577,,,
184368,36468,169440,,,
184369,36468,169439,,,
184370,36468,175070,,,
184371,36468,181213,,,
184372,36468,169940,,,
184374,36468,175562,,,
184375,36468,177608,,,
184376,36468,176582,,,
184377,36468,169920,,,
184378,36468,175038,,,
184379,36468,171958,,,
184381,36468,180147,,,
184382,36468,172461,,,
184383,36468,175531,,,
184384,36468,173981,,,
184385,36468,172444,,,
184386,36468,170396,,,
184388,36468,170394,,,
184389,36468,178584,,,
184390,36468,176023,,,
184391,36468,174486,,,
184392,36468,173973,,,
184393,36468,178063,,,
184395,36468,170897,,,
184396,36468,176015,,,
184397,36468,173967,,,
184398,36468,177546,,,
184399,36468,177032,,,
184400,36468,176012,,,
184402,36468,173961,,,
184403,36468,170889,,,
184404,36468,170888,,,
184405,36468,175495,,,
184406,36468,174469,,,
184407,36468,180100,,,
184409,36468,180610,,,
184410,36468,178041,,,
184411,36468,177532,,,
184412,36468,177531,,,
184413,36468,177530,,,
184414,36468,170873,,,
184416,36468,178543,,,
184417,36468,178537,,,
184418,36468,178536,,,
184419,36468,174948,,,
184420,36468,181084,,,
184421,36468,181083,,,
184423,36468,175448,,,
184424,36468,175447,,,
184425,36468,180559,,,
184426,36468,175438,,,
184427,36468,174415,,,
184428,36468,174414,,,
184430,36468,169803,,,
184431,36468,176456,,,
184432,36468,180548,,,
184433,36468,173886,,,
184434,36468,171324,,,
184435,36468,176441,,,
184437,36468,180536,,,
184438,36468,180535,,,
184439,36468,177461,,,
184440,36468,180532,,,
184441,36468,181024,,,
184442,36468,181023,,,
184444,36468,177955,,,
184445,36468,173858,,,
184446,36468,176417,,,
184447,36468,176416,,,
184448,36468,179487,,,
184449,36468,175388,,,
184451,36468,170780,,,
184452,36468,180498,,,
184453,36468,180497,,,
184454,36468,181006,,,
184455,36468,170766,,,
184456,36468,181005,,,
184458,36468,170760,,,
184459,36468,178439,,,
184460,36468,170758,,,
184461,36468,171780,,,
184462,36468,176899,,,
184463,36468,170746,,,
184465,36468,177401,,,
184466,36468,179939,,,
184467,36468,171742,,,
184468,36468,180956,,,
184470,36468,176341,,,
184471,36468,178899,,,
184472,36468,178891,,,
184474,36468,173770,,,
184475,36468,178888,,,
184476,36468,179909,,,
184477,36468,176326,,,
184478,36468,178884,,,
184479,36468,176324,,,
184481,36468,175298,,,
184482,36468,175297,,,
184483,36468,175296,,,
184484,36468,171199,,,
184485,36468,180921,,,
184486,36468,169655,,,
184488,36468,180400,,,
184489,36468,178353,,,
184490,36468,170161,,,
184491,36468,170160,,,
184492,36468,173231,,,
184493,36468,177835,,,
184495,36468,171682,,,
184496,36468,180896,,,
184497,36468,180380,,,
184498,36468,178826,,,
184499,36468,172166,,,
184500,36468,178289,,,
184502,36468,177253,,,
184503,36468,181347,,,
184504,36468,179810,,,
184505,36468,173666,,,
184506,36468,181345,,,
184507,36468,175703,,,
184509,36468,176196,,,
184510,36468,176193,,,
184511,36468,172607,,,
184512,36468,172605,,,
184513,36468,178237,,,
184514,36468,177719,,,
184516,36468,181297,,,
184517,36468,175663,,,
184518,36468,176165,,,
184519,36468,180771,,,
184520,36468,177176,,,
184521,36468,179726,,,
184523,36468,177162,,,
184524,36468,178183,,,
184525,36468,180744,,,
184526,36468,180743,,,
184527,36468,180742,,,
184528,36468,172037,,,
184530,36489,150783,,,
184531,36489,150782,,,
184532,36489,122442,,,
184533,36489,149968,,,
184534,36492,130455,,,
184535,36492,167571,,,
184537,36494,201452,,,
184538,36494,201451,,,
184539,36494,201826,,,
184540,36494,200841,,,
184541,36506,119165,,,
184542,36506,132857,,,
184544,36506,106485,,,
184545,36506,148206,,,
184546,36506,136551,,,
184547,36506,131048,,,
184548,36506,130407,,,
184549,36506,142559,,,
184551,36506,142558,,,
184552,36506,141150,,,
184553,36506,142556,,,
184554,36506,142555,,,
184555,36506,169175,,,
184556,36506,130264,,,
184558,36506,160330,,,
184559,36506,144963,,,
184560,36506,140467,,,
184561,36506,131507,,,
184562,36506,123826,,,
184563,36506,144556,,,
184565,36506,135840,,,
184566,36506,130589,,,
184567,36506,130714,,,
184568,36506,124438,,,
184569,36506,140557,,,
184570,36506,137614,,,
184572,36506,136461,,,
184573,36506,130822,,,
184574,36506,150918,,,
184575,36506,131462,,,
184577,36497,128056,,,
184578,36497,165814,,,
184579,36497,128689,,,
184581,36497,142730,,,
184582,36497,147528,,,
184583,36465,129471,,,
184584,36465,126970,,,
184585,36465,161208,,,
184586,36465,104887,,,
184588,36465,130389,,,
184589,36465,163444,,,
184590,36465,163983,,,
184591,36465,104752,,,
184592,36465,104240,,,
184593,36465,104239,,,
184595,36465,165574,,,
184596,36465,137830,,,
184597,36465,118943,,,
184598,36465,165572,,,
184599,36465,128131,,,
184600,36465,133472,,,
184602,36465,107456,,,
184603,36437,105724,,,
184604,36437,140539,,,
184605,36437,106228,,,
184606,36437,165742,,,
184607,36437,130028,,,
184609,36437,132828,,,
184610,36437,142843,,,
184611,36437,117718,,,
184612,36437,124483,,,
184613,36437,124482,,,
184614,36437,142529,,,
184616,36437,142780,,,
184617,36437,163512,,,
184618,36437,142773,,,
184619,36437,142381,,,
184620,36437,137123,,,
184621,36437,123806,,,
184623,36437,133135,,,
184624,36437,163594,,,
184625,36437,163593,,,
184626,36437,204808,,,
184627,36437,132869,,,
184628,36451,111035,,,
184630,36451,204843,,,
184631,36451,138598,,,
184632,36451,162629,,,
184633,36451,141668,,,
184634,36480,157758,,,
184635,36480,113115,,,
184637,36480,139184,,,
184638,36480,114416,,,
184639,36480,125583,,,
184640,36480,118829,,,
184641,36480,118828,,,
184642,36480,155303,,,
184644,36485,196126,,,
184645,36485,196125,,,
184646,36485,192730,,,
184647,36485,192729,,,
184648,36485,194706,,,
184649,36485,191057,,,
184651,36485,181550,,,
184652,36485,182509,,,
184653,36485,182507,,,
184654,36485,194698,,,
184655,36485,191849,,,
184656,36485,196131,,,
184658,36426,170360,,,
184659,36426,170359,,,
184660,36426,174450,,,
184661,36426,180717,,,
184662,36426,177891,,,
184663,36426,170339,,,
184665,36426,174670,,,
184666,36426,170826,,,
184667,36426,177987,,,
184668,36426,170561,,,
184669,36426,172477,,,
184670,36426,170812,,,
184672,36426,176951,,,
184673,36426,171700,,,
184674,36426,176559,,,
184675,36426,170283,,,
184676,36426,170280,,,
184677,36426,180903,,,
184679,36426,180769,,,
184680,36426,179105,,,
184681,36426,181273,,,
184682,36426,181400,,,
184684,36426,180363,,,
184685,36426,178827,,,
184686,36426,169735,,,
184688,36426,181380,,,
184689,36426,178818,,,
184690,36481,132470,,,
184691,36481,107889,,,
184692,36481,133615,,,
184693,36481,160492,,,
184695,36481,130775,,,
184696,36481,134343,,,
184697,36481,161475,,,
184698,36481,167233,,,
184699,36481,134329,,,
184700,36481,130872,,,
184702,36481,130998,,,
184703,36481,108469,,,
184704,36481,163503,,,
184705,36481,163502,,,
184706,36481,104099,,,
184707,36481,104092,,,
184709,36481,137369,,,
184710,36481,152342,,,
184711,36481,168979,,,
184712,36481,103695,,,
184713,36481,134407,,,
184714,36447,201341,,,
184716,36447,200342,,,
184717,36447,200797,,,
184718,36447,202195,,,
184719,36447,199949,,,
184720,36447,201281,,,
184721,36496,180350,,,
184723,36496,180345,,,
184724,36496,176760,,,
184725,36496,169335,,,
184726,36496,180981,,,
184727,36496,169460,,,
184728,36496,180094,,,
184730,36496,178414,,,
184731,36496,176107,,,
184732,36496,177638,,,
184733,36496,180958,,,
184734,36496,177624,,,
184735,36496,173010,,,
184737,36496,179274,,,
184738,36496,172871,,,
184739,36496,176966,,,
184740,36496,178626,,,
184741,36496,176964,,,
184742,36496,172610,,,
184744,36496,179902,,,
184745,36496,169791,,,
184746,36496,176574,,,
184747,36496,179261,,,
184748,36496,181023,,,
184749,36496,181426,,,
184751,36496,169647,,,
184752,36496,174506,,,
184753,36496,179112,,,
184754,36496,172455,,,
184755,36496,179110,,,
184756,36496,171557,,,
184758,36496,179104,,,
184759,36496,171426,,,
184760,36496,178337,,,
184761,36496,172704,,,
184762,36496,170783,,,
184763,36496,177950,,,
184765,36496,178710,,,
184766,36496,172697,,,
184767,36496,178328,,,
184768,36496,178582,,,
184769,36496,178711,,,
184770,36496,178583,,,
184772,36496,170642,,,
184773,36496,180369,,,
184774,36496,178704,,,
184775,36496,181132,,,
184776,36496,170252,,,
184777,36496,180357,,,
184779,36496,171142,,,
184780,36496,178437,,,
184781,36496,180353,,,
184782,36496,179074,,,
184783,36496,169729,,,
184784,36461,135798,,,
184786,36461,137007,,,
184787,36461,137570,,,
184788,36461,135714,,,
184789,36461,136321,,,
184791,36463,184049,,,
184792,36463,190316,,,
184793,36463,185706,,,
184795,36463,182353,,,
184796,36463,194123,,,
184797,36463,194122,,,
184798,36463,187850,,,
184799,36463,187849,,,
184800,36463,185799,,,
184802,36463,185666,,,
184803,36463,187963,,,
184804,36463,194217,,,
184805,36463,194216,,,
184806,36463,183848,,,
184807,36463,189988,,,
184809,36463,188450,,,
184810,36463,189982,,,
184811,36463,194077,,,
184812,36463,183449,,,
184813,36463,183448,,,
184814,36463,182039,,,
184816,36463,190339,,,
184817,36439,182238,,,
184818,36439,191933,,,
184819,36439,195418,,,
184820,36439,185173,,,
184821,36439,194867,,,
184823,36439,188432,,,
184824,36439,188431,,,
184825,36439,182605,,,
184826,36439,189543,,,
184827,36439,192769,,,
184828,36439,185251,,,
184830,36439,185121,,,
184831,36453,184315,,,
184832,36453,184314,,,
184833,36453,182768,,,
184834,36453,194019,,,
184835,36453,190914,,,
184837,36453,185783,,,
184838,36453,187807,,,
184839,36453,195486,,,
184840,36453,195991,,,
184841,36453,190866,,,
184842,36453,194442,,,
184844,36453,195969,,,
184845,36453,187774,,,
184846,36453,188270,,,
184847,36453,188268,,,
184848,36453,183128,,,
184849,36453,181581,,,
184851,36453,187723,,,
184852,36453,182083,,,
184853,36453,182081,,,
184854,36453,182080,,,
184855,36453,195876,,,
184856,36453,206115,,,
184858,36453,187642,,,
184859,36453,189683,,,
184860,36453,189682,,,
184861,36453,189681,,,
184862,36453,189680,,,
184863,36453,186096,,,
184865,36453,189678,,,
184866,36453,189677,,,
184867,36453,189676,,,
184868,36453,194279,,,
184869,36453,184546,,,
184870,36453,191712,,,
184872,36453,190681,,,
184873,36453,190463,,,
184874,36453,184318,,,
184875,36453,190679,,,
184876,36453,193693,,,
184877,36453,183958,,,
184879,36453,188042,,,
184880,36453,187536,,,
184881,36453,187535,,,
184882,36453,187534,,,
184883,36453,187533,,,
184884,36453,187532,,,
184886,36453,187530,,,
184887,36453,187529,,,
184888,36453,187528,,,
184889,36453,187527,,,
184890,36453,187526,,,
184891,36453,187525,,,
184893,36453,187523,,,
184894,36453,187522,,,
184895,36453,187521,,,
184896,36453,187520,,,
184898,36453,187518,,,
184899,36453,187517,,,
184900,36453,184441,,,
184902,36453,184934,,,
184903,36453,193636,,,
184904,36453,181838,,,
184905,36453,194124,,,
184906,36453,184377,,,
184907,36453,184362,,,
184909,36453,184359,,,
184910,36453,184348,,,
184911,36453,183834,,,
184912,36453,187418,,,
184913,36453,193046,,,
184914,36453,190483,,,
184916,36453,184320,,,
184917,36501,181222,,,
184918,36501,181221,,,
184919,36501,177186,,,
184920,36472,163583,,,
184921,36472,103325,,,
184923,36472,130266,,,
184924,36472,131478,,,
184925,36472,137685,,,
184926,36472,130996,,,
184927,36472,134225,,,
184928,36472,166763,,,
184930,36472,166760,,,
184931,36472,124837,,,
184932,36472,111620,,,
184933,36472,124836,,,
184934,36445,142878,,,
184935,36445,142877,,,
184937,36445,123498,,,
184938,36445,123497,,,
184939,36445,123496,,,
184940,36486,177567,,,
184941,36486,174007,,,
184942,36486,178450,,,
184944,36486,177674,,,
184945,36486,178437,,,
184946,36434,129471,,,
184947,36434,136411,,,
184948,36434,161208,,,
184949,36434,130390,,,
184951,36434,136338,,,
184952,36434,136335,,,
184953,36434,134272,,,
184954,36434,133472,,,
184955,36434,107456,,,
184956,36476,107902,,,
184958,36476,106225,,,
184959,36476,131053,,,
184960,36476,106472,,,
184961,36476,131045,,,
184962,36476,142815,,,
184963,36476,130268,,,
184965,36476,162637,,,
184966,36476,162125,,,
184967,36476,135752,,,
184968,36476,162629,,,
184969,36476,134081,,,
184970,36476,140857,,,
184972,36476,122166,,,
184973,36476,131251,,,
184974,36476,144553,,,
184975,36476,161053,,,
184976,36476,160534,,,
184977,36476,160659,,,
184979,36427,192511,,,
184980,36427,189180,,,
184981,36427,182776,,,
184982,36427,186581,,,
184983,36427,187276,,,
184984,36427,187275,,,
184986,36429,186367,,,
184987,36429,186366,,,
184988,36429,193917,,,
184989,36429,188284,,,
184990,36429,186363,,,
184991,36429,186362,,,
184993,36429,188280,,,
184994,36429,195573,,,
184995,36429,186100,,,
184996,36429,188282,,,
184997,36429,195545,,,
184998,36429,188249,,,
185000,36429,185403,,,
185001,36429,191419,,,
185002,36429,187576,,,
185003,36429,186365,,,
185005,36429,186364,,,
185006,36429,193178,,,
185007,36429,186360,,,
185009,36429,184332,,,
185010,36429,184325,,,
185011,36429,186370,,,
185012,36429,186369,,,
185013,36429,186368,,,
185014,36549,196028,,,
185016,36549,190837,,,
185017,36549,184602,,,
185018,36549,192678,,,
185019,36549,192677,,,
185020,36524,106235,,,
185021,36524,145773,,,
185023,36524,146138,,,
185024,36524,150745,,,
185025,36524,134101,,,
185026,36524,169170,,,
185027,36524,143806,,,
185028,36524,163129,,,
185030,36524,108720,,,
185031,36524,147363,,,
185032,36524,147360,,,
185033,36524,147359,,,
185034,36524,147358,,,
185035,36524,147357,,,
185037,36524,161801,,,
185038,36524,150659,,,
185039,36524,150658,,,
185040,36524,150657,,,
185041,36564,175602,,,
185042,36564,175600,,,
185044,36564,173032,,,
185045,36564,176102,,,
185046,36564,176082,,,
185047,36564,174028,,,
185048,36564,172469,,,
185049,36564,178607,,,
185051,36564,169893,,,
185052,36564,179618,,,
185053,36564,180128,,,
185054,36564,179616,,,
185055,36564,180127,,,
185056,36564,178072,,,
185058,36564,177040,,,
185059,36564,172432,,,
185060,36564,176526,,,
185061,36564,176525,,,
185062,36564,173451,,,
185063,36564,181129,,,
185065,36564,178563,,,
185066,36564,172408,,,
185067,36564,180595,,,
185068,36564,173426,,,
185069,36564,171375,,,
185070,36564,174444,,,
185072,36564,176478,,,
185073,36564,179545,,,
185074,36564,179543,,,
185075,36564,179542,,,
185076,36564,173909,,,
185077,36564,178513,,,
185079,36564,179518,,,
185080,36564,179003,,,
185081,36564,179001,,,
185082,36564,176434,,,
185083,36564,173865,,,
185084,36564,178459,,,
185086,36564,169749,,,
185087,36564,177418,,,
185088,36564,179457,,,
185089,36564,175873,,,
185090,36564,174848,,,
185091,36564,175871,,,
185093,36564,170732,,,
185094,36564,176841,,,
185095,36564,180409,,,
185096,36564,172729,,,
185097,36564,174259,,,
185098,36564,176818,,,
185100,36564,178347,,,
185101,36564,171179,,,
185102,36564,173723,,,
185103,36564,170136,,,
185104,36564,176270,,,
185105,36564,174221,,,
185107,36564,175742,,,
185108,36564,172156,,,
185109,36564,181359,,,
185110,36564,176747,,,
185112,36564,177241,,,
185113,36564,177240,,,
185114,36564,179285,,,
185116,36564,169549,,,
185117,36564,181323,,,
185118,36564,179779,,,
185119,36564,177218,,,
185120,36564,172097,,,
185121,36564,174655,,,
185123,36564,179773,,,
185124,36564,172090,,,
185125,36564,179770,,,
185126,36564,169527,,,
185127,36564,180786,,,
185128,36564,175664,,,
185130,36564,179755,,,
185131,36564,176678,,,
185132,36564,179746,,,
185133,36564,174103,,,
185134,36564,172557,,,
185135,36564,174091,,,
185137,36515,163453,,,
185138,36515,163322,,,
185139,36515,140531,,,
185140,36515,150767,,,
185141,36515,112358,,,
185142,36515,130008,,,
185144,36515,159942,,,
185145,36515,159941,,,
185146,36515,159685,,,
185147,36515,162810,,,
185148,36515,162107,,,
185149,36515,162106,,,
185151,36515,134831,,,
185152,36515,120875,,,
185153,36515,157990,,,
185154,36515,157989,,,
185155,36515,163364,,,
185156,36515,162078,,,
185158,36515,162077,,,
185159,36515,127253,,,
185160,36515,164228,,,
185161,36515,162051,,,
185162,36515,112386,,,
185163,36558,181579,,,
185165,36566,111646,,,
185166,36566,162714,,,
185167,36566,128562,,,
185168,36566,165839,,,
185169,36566,127951,,,
185170,36566,142634,,,
185172,36566,119304,,,
185173,36566,159620,,,
185174,36566,120358,,,
185175,36566,134181,,,
185176,36566,125636,,,
185177,36566,142018,,,
185179,36566,165345,,,
185180,36566,165344,,,
185181,36541,193018,,,
185182,36541,193017,,,
185183,36541,193016,,,
185184,36541,193015,,,
185186,36541,182261,,,
185187,36541,185332,,,
185188,36541,182768,,,
185189,36541,182256,,,
185190,36541,193007,,,
185191,36541,193005,,,
185193,36541,197091,,,
185194,36541,194019,,,
185195,36541,197090,,,
185196,36541,192479,,,
185197,36541,192478,,,
185198,36541,190941,,,
185200,36541,189393,,,
185201,36541,189903,,,
185202,36541,189897,,,
185203,36541,188358,,,
185204,36541,192453,,,
185205,36541,190914,,,
185207,36541,189374,,,
185208,36541,187319,,,
185209,36541,185783,,,
185210,36541,189362,,,
185211,36541,189361,,,
185212,36541,189360,,,
185214,36541,189358,,,
185215,36541,186799,,,
185216,36541,186798,,,
185217,36541,189357,,,
185219,36541,189355,,,
185220,36541,192415,,,
185221,36541,187807,,,
185223,36541,189319,,,
185224,36541,187782,,,
185225,36541,187774,,,
185226,36541,184698,,,
185227,36541,192371,,,
185228,36541,194411,,,
185230,36541,195431,,,
185231,36541,186205,,,
185232,36541,192504,,,
185233,36541,186202,,,
185234,36541,186200,,,
185235,36541,181592,,,
185237,36541,187725,,,
185238,36541,187723,,,
185239,36541,181575,,,
185240,36541,189763,,,
185241,36541,182081,,,
185242,36541,193853,,,
185244,36541,195876,,,
185245,36541,190244,,,
185246,36541,190752,,,
185247,36541,188192,,,
185248,36541,191773,,,
185249,36541,198418,,,
185251,36541,187661,,,
185252,36541,187134,,,
185253,36541,193279,,,
185254,36541,191229,,,
185255,36541,189181,,,
185256,36541,191226,,,
185258,36541,186096,,,
185259,36541,194286,,,
185260,36541,182509,,,
185261,36541,194279,,,
185262,36541,194278,,,
185263,36541,184038,,,
185265,36541,192731,,,
185266,36541,187082,,,
185267,36541,185507,,,
185268,36541,186007,,,
185269,36541,183958,,,
185270,36541,194707,,,
185272,36541,184972,,,
185273,36541,184971,,,
185274,36541,188042,,,
185275,36541,184966,,,
185276,36541,184965,,,
185277,36541,184964,,,
185279,36541,192128,,,
185280,36541,192127,,,
185281,36541,192125,,,
185282,36541,188021,,,
185283,36541,188007,,,
185284,36541,191077,,,
185286,36541,191071,,,
185287,36541,192606,,,
185288,36541,186460,,,
185289,36541,191057,,,
185290,36541,191056,,,
185291,36541,181838,,,
185293,36541,184365,,,
185294,36541,184362,,,
185295,36541,188968,,,
185296,36541,195618,,,
185297,36541,195617,,,
185298,36541,195616,,,
185300,36541,187418,,,
185301,36541,193047,,,
185302,36541,193046,,,
185303,36541,190483,,,
185304,36541,193039,,,
185305,36541,193038,,,
185307,36541,192010,,,
185308,36541,182792,,,
185309,36541,193028,,,
185310,36541,193027,,,
185311,36541,193026,,,
185312,36541,192000,,,
185314,36516,114495,,,
185315,36516,129812,,,
185316,36516,147823,,,
185317,36516,111566,,,
185318,36516,127949,,,
185319,36516,140940,,,
185321,36516,127136,,,
185322,36554,130936,,,
185323,36533,147519,,,
185324,36533,147643,,,
185326,36533,134704,,,
185327,36533,131053,,,
185328,36533,147691,,,
185330,36533,141668,,,
185331,36533,147328,,,
185332,36559,129805,,,
185333,36559,165035,,,
185334,36559,137713,,,
185335,36559,129208,,,
185337,36548,180725,,,
185338,36548,180724,,,
185339,36548,179698,,,
185340,36548,176114,,,
185341,36548,176111,,,
185342,36548,177643,,,
185344,36548,177635,,,
185345,36548,177631,,,
185346,36548,181213,,,
185347,36548,178141,,,
185348,36548,173020,,,
185349,36548,174037,,,
185351,36548,174035,,,
185352,36548,169425,,,
185353,36548,170443,,,
185354,36548,174020,,,
185355,36548,177090,,,
185356,36548,174528,,,
185358,36548,169920,,,
185359,36548,174527,,,
185360,36548,175038,,,
185361,36548,176045,,,
185362,36548,178599,,,
185363,36548,178083,,,
185365,36548,180630,,,
185366,36548,172436,,,
185367,36548,172947,,,
185368,36548,178063,,,
185369,36548,169360,,,
185370,36548,176015,,,
185372,36548,176012,,,
185373,36548,181128,,,
185374,36548,176008,,,
185375,36548,174469,,,
185376,36548,169349,,,
185377,36548,181124,,,
185379,36548,171904,,,
185380,36548,174463,,,
185381,36548,181118,,,
185382,36548,179069,,,
185383,36548,181109,,,
185384,36548,170873,,,
185386,36548,170871,,,
185387,36548,177525,,,
185388,36548,171893,,,
185389,36548,174962,,,
185390,36548,171379,,,
185391,36548,171378,,,
185393,36548,173934,,,
185394,36548,169324,,,
185395,36548,169825,,,
185396,36548,181086,,,
185397,36548,181085,,,
185398,36548,178013,,,
185400,36548,181083,,,
185401,36548,181082,,,
185402,36548,174420,,,
185403,36548,174415,,,
185404,36548,174414,,,
185405,36548,180040,,,
185407,36548,173894,,,
185408,36548,177476,,,
185409,36548,179011,,,
185410,36548,180030,,,
185411,36548,180027,,,
185412,36548,177461,,,
185414,36548,171315,,,
185415,36548,171311,,,
185416,36548,172326,,,
185417,36548,174372,,,
185418,36548,170788,,,
185419,36548,181024,,,
185421,36548,181023,,,
185422,36548,177439,,,
185423,36548,176927,,,
185424,36548,179994,,,
185425,36548,177430,,,
185426,36548,180501,,,
185428,36548,181011,,,
185429,36548,181007,,,
185430,36548,179983,,,
185431,36548,180489,,,
185433,36548,170247,,,
185434,36548,180484,,,
185435,36548,169728,,,
185437,36548,179962,,,
185438,36548,177401,,,
185439,36548,175865,,,
185440,36548,176366,,,
185441,36548,176877,,,
185442,36548,176873,,,
185444,36548,176869,,,
185445,36548,172772,,,
185446,36548,171229,,,
185447,36548,171228,,,
185448,36548,179418,,,
185449,36548,171226,,,
185451,36548,172757,,,
185452,36548,172245,,,
185453,36548,178891,,,
185454,36548,177355,,,
185455,36548,173770,,,
185456,36548,180933,,,
185458,36548,178368,,,
185459,36548,171199,,,
185460,36548,172222,,,
185461,36548,172219,,,
185462,36548,180921,,,
185463,36548,172217,,,
185465,36548,175790,,,
185466,36548,174252,,,
185467,36548,172715,,,
185468,36548,175785,,,
185469,36548,172199,,,
185470,36548,177829,,,
185472,36548,175779,,,
185473,36548,171682,,,
185474,36548,180896,,,
185475,36548,177823,,,
185476,36548,180885,,,
185477,36548,174224,,,
185479,36548,180876,,,
185480,36548,173190,,,
185481,36548,180872,,,
185482,36548,180359,,,
185483,36548,172166,,,
185484,36548,179331,,,
185486,36548,174202,,,
185487,36548,180853,,,
185488,36548,173173,,,
185489,36548,173172,,,
185490,36548,180849,,,
185491,36548,180848,,,
185493,36548,173679,,,
185494,36548,180845,,,
185495,36548,180844,,,
185496,36548,180843,,,
185497,36548,172137,,,
185498,36548,180840,,,
185500,36548,180838,,,
185501,36548,181346,,,
185502,36548,180836,,,
185503,36548,178274,,,
185504,36548,173666,,,
185505,36548,172129,,,
185507,36548,181337,,,
185508,36548,181334,,,
185509,36548,180295,,,
185510,36548,174148,,,
185511,36548,181311,,,
185512,36548,173121,,,
185514,36548,175167,,,
185515,36548,178749,,,
185516,36548,181297,,,
185517,36548,178734,,,
185518,36548,175135,,,
185519,36548,181271,,,
185521,36548,180753,,,
185522,36548,180241,,,
185523,36548,180752,,,
185524,36548,181261,,,
185525,36548,181260,,,
185526,36548,180749,,,
185528,36548,180746,,,
185529,36548,180745,,,
185530,36548,180744,,,
185531,36548,180743,,,
185532,36548,180742,,,
185533,36548,173062,,,
185535,36548,180226,,,
185536,36548,175106,,,
185537,36548,180737,,,
185538,36548,180224,,,
185540,36518,185978,,,
185541,36518,195061,,,
185542,36518,193524,,,
185544,36518,193522,,,
185545,36518,191583,,,
185546,36518,181855,,,
185547,36518,187227,,,
185548,36518,197840,,,
185549,36518,181452,,,
185551,36518,184126,,,
185552,36518,193851,,,
185553,36518,193848,,,
185554,36518,192315,,,
185555,36518,192314,,,
185556,36518,186553,,,
185558,36518,187319,,,
185559,36518,188597,,,
185560,36518,186549,,,
185561,36518,186035,,,
185562,36518,186034,,,
185563,36518,181929,,,
185565,36518,196005,,,
185566,36518,195872,,,
185567,36518,182432,,,
185568,36518,191390,,,
185569,36518,195358,,,
185570,36518,195356,,,
185572,36518,184474,,,
185573,36518,186647,,,
185574,36518,192406,,,
185575,36518,183958,,,
185576,36518,184470,,,
185577,36518,186126,,,
185579,36518,189707,,,
185580,36540,193995,,,
185581,36540,192347,,,
185582,36540,192346,,,
185583,36540,192345,,,
185584,36526,162629,,,
185586,36526,131053,,,
185587,36512,149270,,,
185588,36512,136772,,,
185589,36512,139672,,,
185590,36581,200287,,,
185591,36569,126751,,,
185593,36569,107545,,,
185594,36569,127033,,,
185595,36569,168854,,,
185596,36569,165588,,,
185597,36569,125904,,,
185598,36569,136429,,,
185600,36569,136425,,,
185601,36569,127529,,,
185602,36514,167415,,,
185603,36514,126469,,,
185604,36534,202879,,,
185605,36534,202878,,,
185607,36578,201836,,,
185608,36578,201834,,,
185609,36578,199403,,,
185610,36578,199402,,,
185611,36578,199401,,,
185612,36578,202853,,,
185614,36578,199522,,,
185615,36578,202847,,,
185616,36578,199391,,,
185617,36578,202846,,,
185618,36578,202845,,,
185619,36578,199514,,,
185621,36578,199756,,,
185622,36578,199628,,,
185623,36578,199372,,,
185624,36578,199371,,,
185625,36578,199370,,,
185626,36578,199495,,,
185628,36578,199614,,,
185629,36578,199613,,,
185630,36578,199358,,,
185631,36578,199612,,,
185632,36578,199611,,,
185633,36578,199610,,,
185635,36578,199609,,,
185636,36578,199608,,,
185637,36578,201005,,,
185638,36578,200742,,,
185639,36578,199974,,,
185640,36578,202902,,,
185642,36563,175580,,,
185643,36563,181017,,,
185644,36563,177880,,,
185645,36563,178549,,,
185647,36563,181042,,,
185648,36563,177359,,,
185649,36563,181324,,,
185651,36563,175941,,,
185652,36563,177888,,,
185653,36531,175457,,,
185654,36531,171347,,,
185655,36531,173374,,,
185656,36531,179518,,,
185658,36531,173365,,,
185659,36531,177455,,,
185660,36531,177449,,,
185661,36531,177448,,,
185662,36531,177447,,,
185663,36531,177446,,,
185665,36531,179487,,,
185666,36531,177438,,,
185667,36531,179481,,,
185668,36531,179480,,,
185669,36531,179447,,,
185670,36531,177401,,,
185672,36531,171255,,,
185673,36531,179446,,,
185674,36531,179444,,,
185675,36531,171250,,,
185676,36531,177376,,,
185677,36531,171227,,,
185679,36531,177355,,,
185680,36531,179391,,,
185681,36531,175298,,,
185682,36531,175297,,,
185683,36531,171201,,,
185684,36531,175296,,,
185686,36531,177337,,,
185687,36531,177334,,,
185688,36531,177335,,,
185689,36531,173238,,,
185690,36531,179380,,,
185691,36531,177332,,,
185693,36531,181417,,,
185694,36531,181412,,,
185695,36531,181400,,,
185696,36531,173207,,,
185697,36531,181397,,,
185698,36531,179346,,,
185700,36531,173195,,,
185701,36531,181384,,,
185702,36531,181380,,,
185703,36531,177284,,,
185704,36531,173169,,,
185705,36531,177253,,,
185707,36531,181347,,,
185708,36531,171090,,,
185709,36531,181310,,,
185710,36531,181297,,,
185711,36531,177201,,,
185712,36531,171051,,,
185714,36531,171034,,,
185715,36531,181273,,,
185716,36531,177176,,,
185717,36531,177162,,,
185718,36531,181253,,,
185719,36531,177148,,,
185721,36531,177146,,,
185722,36531,171004,,,
185723,36531,177145,,,
185724,36531,171002,,,
185725,36531,177144,,,
185726,36531,171000,,,
185728,36531,170998,,,
185729,36531,179182,,,
185730,36531,173033,,,
185731,36531,173032,,,
185732,36531,181213,,,
185733,36531,175038,,,
185735,36531,179126,,,
185736,36531,181170,,,
185737,36531,179110,,,
185738,36531,179105,,,
185739,36531,181143,,,
185740,36531,170898,,,
185742,36531,170890,,,
185743,36531,170889,,,
185744,36531,170888,,,
185745,36531,170873,,,
185746,36531,170871,,,
185747,36531,181109,,,
185749,36531,181097,,,
185750,36531,170855,,,
185751,36531,170854,,,
185752,36531,174948,,,
185754,36531,181083,,,
185755,36531,181082,,,
185756,36531,172882,,,
185758,36531,170826,,,
185759,36531,170820,,,
185760,36531,179008,,,
185761,36531,170814,,,
185762,36531,179005,,,
185763,36531,170812,,,
185765,36531,179001,,,
185766,36531,179000,,,
185767,36531,176951,,,
185768,36531,178998,,,
185769,36531,176946,,,
185770,36531,176945,,,
185772,36531,172840,,,
185773,36531,170788,,,
185774,36531,181024,,,
185775,36531,170785,,,
185776,36531,181023,,,
185777,36531,176927,,,
185779,36531,181019,,,
185780,36531,170776,,,
185781,36531,181006,,,
185782,36531,181013,,,
185783,36531,181005,,,
185784,36531,170771,,,
185786,36531,178960,,,
185787,36531,170768,,,
185788,36531,170767,,,
185789,36531,170766,,,
185790,36531,181004,,,
185791,36531,178956,,,
185793,36531,170761,,,
185794,36531,170760,,,
185795,36531,180999,,,
185796,36531,170758,,,
185797,36531,170755,,,
185798,36531,170743,,,
185800,36531,178932,,,
185801,36531,170737,,,
185802,36531,172781,,,
185803,36531,178919,,,
185804,36531,178918,,,
185805,36531,172772,,,
185807,36531,180956,,,
185808,36531,176856,,,
185809,36531,176855,,,
185810,36531,178891,,,
185811,36531,172732,,,
185812,36531,172731,,,
185814,36531,180911,,,
185815,36531,180910,,,
185816,36531,180903,,,
185817,36531,180896,,,
185818,36531,174739,,,
185819,36531,174738,,,
185821,36531,170639,,,
185822,36531,178827,,,
185823,36531,170633,,,
185824,36531,170632,,,
185825,36531,178818,,,
185826,36531,170626,,,
185828,36531,176754,,,
185829,36531,180845,,,
185830,36531,178796,,,
185831,36531,172651,,,
185832,36531,178791,,,
185833,36531,178790,,,
185835,36531,172613,,,
185836,36531,170561,,,
185837,36531,172607,,,
185838,36531,172605,,,
185839,36531,172604,,,
185840,36531,170556,,,
185842,36531,174648,,,
185843,36531,178742,,,
185844,36531,174635,,,
185845,36531,178728,,,
185846,36531,180771,,,
185847,36531,178723,,,
185849,36531,172577,,,
185850,36531,178718,,,
185851,36531,180761,,,
185852,36531,180744,,,
185853,36531,180743,,,
185854,36531,180742,,,
185856,36531,174579,,,
185857,36531,174578,,,
185858,36531,174577,,,
185859,36531,174576,,,
185861,36531,180706,,,
185862,36531,180704,,,
185863,36531,180689,,,
185865,36531,176588,,,
185866,36531,172483,,,
185867,36531,172482,,,
185868,36531,172477,,,
185869,36531,174524,,,
185870,36531,178615,,,
185872,36531,174516,,,
185873,36531,178610,,,
185874,36531,172464,,,
185875,36531,176559,,,
185876,36531,172461,,,
185877,36531,172458,,,
185879,36531,176545,,,
185880,36531,172444,,,
185881,36531,170396,,,
185882,36531,172443,,,
185883,36531,170394,,,
185884,36531,178584,,,
185886,36531,174486,,,
185887,36531,180626,,,
185888,36531,170380,,,
185889,36531,170377,,,
185890,36531,170373,,,
185891,36531,170368,,,
185893,36531,176503,,,
185894,36531,170360,,,
185895,36531,170359,,,
185896,36531,174450,,,
185897,36531,172399,,,
185898,36531,170339,,,
185900,36531,176476,,,
185901,36531,176472,,,
185902,36531,174415,,,
185903,36531,174414,,,
185904,36531,172366,,,
185905,36531,180548,,,
185907,36531,178487,,,
185908,36531,180536,,,
185909,36531,170295,,,
185910,36531,180535,,,
185911,36531,180532,,,
185912,36531,170283,,,
185914,36531,180518,,,
185915,36531,180512,,,
185916,36531,176417,,,
185917,36531,176416,,,
185918,36531,180500,,,
185919,36531,180498,,,
185921,36531,178446,,,
185922,36531,170253,,,
185923,36531,180490,,,
185924,36531,170251,,,
185925,36531,170250,,,
185926,36531,174345,,,
185928,36531,178439,,,
185929,36531,174331,,,
185930,36531,180473,,,
185931,36531,170221,,,
185932,36531,176341,,,
185933,36531,180434,,,
185935,36531,176324,,,
185936,36531,170174,,,
185937,36531,170171,,,
185938,36531,170165,,,
185939,36531,180400,,,
185940,36531,170161,,,
185942,36531,180399,,,
185943,36531,180386,,,
185944,36531,180375,,,
185945,36531,180373,,,
185946,36531,180370,,,
185947,36531,180363,,,
185949,36531,180209,,,
185950,36531,178160,,,
185951,36531,178155,,,
185952,36531,169940,,,
185953,36531,174025,,,
185954,36531,169920,,,
185956,36531,180147,,,
185957,36531,173981,,,
185958,36531,178072,,,
185959,36531,176024,,,
185960,36531,171924,,,
185961,36531,176015,,,
185963,36531,180100,,,
185964,36531,178051,,,
185965,36531,180098,,,
185966,36531,169854,,,
185968,36531,178042,,,
185969,36531,178041,,,
185970,36531,171876,,,
185972,36531,169809,,,
185973,36531,169808,,,
185974,36531,169806,,,
185975,36531,169805,,,
185976,36531,169804,,,
185977,36531,169803,,,
185979,36531,171828,,,
185980,36531,169764,,,
185981,36531,177955,,,
185982,36531,173858,,,
185983,36531,179996,,,
185984,36531,173846,,,
185986,36531,173844,,,
185987,36531,173836,,,
185988,36531,171788,,,
185989,36531,169735,,,
185990,36531,171780,,,
185991,36531,177916,,,
185993,36531,173810,,,
185994,36531,179953,,,
185995,36531,179952,,,
185996,36531,179939,,,
185997,36531,177891,,,
185998,36531,171742,,,
186000,36531,173784,,,
186001,36531,173783,,,
186002,36531,175824,,,
186003,36531,171728,,,
186004,36531,173771,,,
186005,36531,171711,,,
186007,36531,173755,,,
186008,36531,169654,,,
186009,36531,171700,,,
186010,36531,171685,,,
186011,36531,171682,,,
186012,36531,171679,,,
186014,36531,175749,,,
186015,36531,171624,,,
186016,36531,179810,,,
186017,36531,175712,,,
186018,36531,175708,,,
186019,36531,173659,,,
186021,36531,169541,,,
186022,36531,179767,,,
186023,36531,171577,,,
186024,36531,175672,,,
186025,36531,171575,,,
186026,36531,169526,,,
186028,36531,171552,,,
186029,36531,175640,,,
186030,36531,179726,,,
186031,36531,175630,,,
186032,36531,177675,,,
186033,36531,179698,,,
186035,36531,173550,,,
186036,36531,173549,,,
186037,36531,179683,,,
186038,36531,169440,,,
186039,36531,169439,,,
186040,36531,169438,,,
186042,36531,177626,,,
186043,36531,177608,,,
186044,36531,177600,,,
186045,36531,177590,,,
186046,36531,179612,,,
186047,36531,179610,,,
186049,36531,179593,,,
186050,36531,173438,,,
186051,36531,179577,,,
186052,36531,172166,,,
186053,36531,180352,,,
186054,36531,180351,,,
186056,36531,180346,,,
186057,36531,176244,,,
186058,36531,178289,,,
186059,36531,176232,,,
186060,36531,172114,,,
186061,36531,180303,,,
186063,36531,174158,,,
186064,36531,172110,,,
186065,36531,172109,,,
186066,36531,176201,,,
186067,36531,180295,,,
186068,36531,176196,,,
186070,36531,178239,,,
186071,36531,178237,,,
186072,36531,178236,,,
186073,36531,178234,,,
186075,36531,178231,,,
186076,36531,178229,,,
186077,36531,176181,,,
186079,36531,180266,,,
186080,36531,170024,,,
186081,36531,176166,,,
186082,36531,176165,,,
186083,36531,172069,,,
186084,36531,176163,,,
186086,36531,176162,,,
186087,36531,172063,,,
186088,36531,174107,,,
186089,36531,176152,,,
186090,36531,178191,,,
186091,36531,178183,,,
186093,36531,180225,,,
186094,36576,193707,,,
186095,36576,189227,,,
186096,36576,190064,,,
186097,36576,188463,,,
186098,36576,192616,,,
186100,36576,185693,,,
186101,36576,194264,,,
186102,36576,191834,,,
186103,36576,194262,,,
186104,36576,191191,,,
186105,36576,191190,,,
186107,36576,191820,,,
186108,36576,191434,,,
186109,36576,188108,,,
186110,36576,191433,,,
186111,36576,191432,,,
186112,36576,191431,,,
186114,36576,191430,,,
186115,36576,187056,,,
186116,36576,182085,,,
186117,36576,186819,,,
186118,36576,191418,,,
186119,36576,187961,,,
186121,36576,187055,,,
186122,36576,184375,,,
186123,36576,184374,,,
186124,36576,184373,,,
186125,36576,184372,,,
186126,36576,184371,,,
186128,36576,184369,,,
186129,36576,184368,,,
186130,36576,184367,,,
186131,36576,187054,,,
186132,36576,187053,,,
186133,36576,187052,,,
186135,36576,193062,,,
186136,36576,193061,,,
186137,36576,189224,,,
186138,36576,187046,,,
186139,36576,187045,,,
186140,36576,182693,,,
186142,36576,187043,,,
186143,36576,187042,,,
186144,36576,194593,,,
186145,36576,186144,,,
186146,36576,187038,,,
186147,36576,184348,,,
186149,36576,195994,,,
186150,36576,187538,,,
186151,36576,194572,,,
186152,36576,188553,,,
186153,36576,191622,,,
186154,36576,188549,,,
186156,36562,180735,,,
186157,36562,180724,,,
186158,36562,180723,,,
186159,36562,176115,,,
186160,36562,176111,,,
186161,36562,180715,,,
186163,36562,180712,,,
186164,36562,174053,,,
186165,36562,180704,,,
186166,36562,178143,,,
186167,36562,178142,,,
186168,36562,180698,,,
186170,36562,169944,,,
186171,36562,169943,,,
186172,36562,180693,,,
186173,36562,169941,,,
186174,36562,174036,,,
186175,36562,176595,,,
186177,36562,169920,,,
186178,36562,180657,,,
186179,36562,177584,,,
186180,36562,177583,,,
186182,36562,177582,,,
186183,36562,169383,,,
186184,36562,178595,,,
186186,36562,181153,,,
186187,36562,181151,,,
186188,36562,171934,,,
186189,36562,172949,,,
186190,36562,172947,,,
186191,36562,172425,,,
186193,36562,169349,,,
186194,36562,181124,,,
186195,36562,178046,,,
186196,36562,180598,,,
186197,36562,178544,,,
186198,36562,175470,,,
186200,36562,174960,,,
186201,36562,169840,,,
186202,36562,169839,,,
186203,36562,169838,,,
186204,36562,172907,,,
186205,36562,169836,,,
186207,36562,169834,,,
186208,36562,178013,,,
186209,36562,178012,,,
186210,36562,175963,,,
186211,36562,176474,,,
186212,36562,178006,,,
186214,36562,181065,,,
186215,36562,170826,,,
186216,36562,172873,,,
186217,36562,179011,,,
186218,36562,176966,,,
186219,36562,172869,,,
186221,36562,170307,,,
186222,36562,172865,,,
186223,36562,180543,,,
186224,36562,170303,,,
186225,36562,173884,,,
186226,36562,170812,,,
186228,36562,177461,,,
186229,36562,175412,,,
186230,36562,181041,,,
186231,36562,176432,,,
186232,36562,180015,,,
186233,36562,173870,,,
186235,36562,180002,,,
186236,36562,177437,,,
186237,36562,178455,,,
186238,36562,180504,,,
186239,36562,177945,,,
186240,36562,173848,,,
186242,36562,177941,,,
186243,36562,177938,,,
186244,36562,171789,,,
186245,36562,177930,,,
186246,36562,177928,,,
186247,36562,169736,,,
186249,36562,177923,,,
186250,36562,177920,,,
186251,36562,177917,,,
186252,36562,177403,,,
186253,36562,177915,,,
186254,36562,180979,,,
186256,36562,179937,,,
186257,36562,177363,,,
186258,36562,178380,,,
186259,36562,180938,,,
186260,36562,175305,,,
186261,36562,171202,,,
186263,36562,179901,,,
186264,36562,179900,,,
186265,36562,171193,,,
186266,36562,175798,,,
186267,36562,173237,,,
186268,36562,171188,,,
186270,36562,180901,,,
186271,36562,176293,,,
186272,36562,174245,,,
186273,36562,170144,,,
186274,36562,180893,,,
186275,36562,176283,,,
186277,36562,177298,,,
186278,36562,174219,,,
186279,36562,177289,,,
186280,36562,177282,,,
186281,36562,175747,,,
186282,36562,170626,,,
186284,36562,175741,,,
186285,36562,180334,,,
186286,36562,178798,,,
186287,36562,177774,,,
186289,36562,171623,,,
186290,36562,176220,,,
186291,36562,173648,,,
186293,36562,179783,,,
186294,36562,180289,,,
186295,36562,177721,,,
186296,36562,180793,,,
186297,36562,180779,,,
186298,36562,170026,,,
186300,36562,180768,,,
186301,36562,177690,,,
186302,36562,180759,,,
186303,36562,180756,,,
186304,36562,178706,,,
186305,36562,179729,,,
186307,36562,177675,,,
186308,36562,179208,,,
186309,36562,179207,,,
186310,36562,180226,,,
186311,36562,177665,,,
186312,36525,119279,,,
186314,36525,121092,,,
186315,36525,121091,,,
186316,36560,189438,,,
186317,36560,184314,,,
186318,36560,189781,,,
186319,36560,194259,,,
186321,36560,190827,,,
186322,36571,147697,,,
186323,36556,134525,,,
186324,36556,147574,,,
186325,36556,138350,,,
186326,36556,126062,,,
186328,36556,134506,,,
186329,36556,121701,,,
186330,36556,205156,,,
186331,36556,133858,,,
186332,36556,134616,,,
186333,36556,136786,,,
186335,36556,162763,,,
186336,36556,148421,,,
186337,36556,150979,,,
186338,36556,150978,,,
186339,36556,109249,,,
186340,36556,139453,,,
186342,36556,115130,,,
186343,36556,114872,,,
186344,36556,105272,,,
186345,36556,112433,,,
186346,36556,139430,,,
186347,36556,133030,,,
186349,36556,150939,,,
186350,36556,103431,,,
186351,36556,148999,,,
186352,36556,126087,,,
186353,36556,162307,,,
186354,36546,183802,,,
186356,36546,195701,,,
186357,36546,186995,,,
186358,36546,186993,,,
186359,36546,183790,,,
186360,36546,181486,,,
186361,36546,191212,,,
186363,36546,182506,,,
186364,36546,182505,,,
186365,36546,182504,,,
186366,36546,190691,,,
186367,36546,182500,,,
186368,36546,182499,,,
186370,36546,187999,,,
186371,36546,193499,,,
186372,36546,187990,,,
186373,36546,184916,,,
186374,36546,181842,,,
186375,36546,190028,,,
186377,36546,187340,,,
186378,36546,191688,,,
186379,36546,189383,,,
186380,36546,183880,,,
186381,36546,183879,,,
186382,36546,183238,,,
186384,36546,188478,,,
186385,36546,188476,,,
186386,36546,187323,,,
186387,36546,182586,,,
186388,36546,192312,,,
186389,36546,189368,,,
186391,36546,192309,,,
186392,36546,189745,,,
186393,36546,185649,,,
186394,36546,192304,,,
186396,36546,182955,,,
186397,36546,186791,,,
186398,36546,187814,,,
186400,36546,186783,,,
186401,36546,193049,,,
186402,36546,190486,,,
186403,36546,190485,,,
186404,36546,190611,,,
186405,36546,187795,,,
186407,36546,193169,,,
186408,36546,183823,,,
186409,36546,187021,,,
186410,36546,182027,,,
186411,36546,183817,,,
186412,36546,192133,,,
186414,36546,183426,,,
186415,36546,182785,,,
186416,36546,195968,,,
186417,36565,176114,,,
186418,36565,176111,,,
186419,36565,180715,,,
186421,36565,179687,,,
186422,36565,176615,,,
186423,36565,175576,,,
186424,36565,180693,,,
186425,36565,174031,,,
186426,36565,180686,,,
186428,36565,174529,,,
186429,36565,176575,,,
186430,36565,180657,,,
186431,36565,176045,,,
186432,36565,178598,,,
186433,36565,178595,,,
186435,36565,176537,,,
186436,36565,171929,,,
186437,36565,176536,,,
186438,36565,180629,,,
186439,36565,170897,,,
186440,36565,177038,,,
186442,36565,181123,,,
186443,36565,180610,,,
186444,36565,176512,,,
186445,36565,171904,,,
186446,36565,172408,,,
186447,36565,171379,,,
186449,36565,180592,,,
186450,36565,169836,,,
186451,36565,169834,,,
186452,36565,181096,,,
186453,36565,181092,,,
186454,36565,181091,,,
186456,36565,173919,,,
186457,36565,173916,,,
186458,36565,179535,,,
186459,36565,174919,,,
186460,36565,173894,,,
186461,36565,170306,,,
186463,36565,180030,,,
186464,36565,176446,,,
186465,36565,172348,,,
186466,36565,176437,,,
186467,36565,178995,,,
186468,36565,173875,,,
186470,36565,176432,,,
186471,36565,180002,,,
186472,36565,171299,,,
186473,36565,171298,,,
186474,36565,180511,,,
186475,36565,176927,,,
186477,36565,180504,,,
186478,36565,180500,,,
186479,36565,180494,,,
186480,36565,181004,,,
186481,36565,180489,,,
186482,36565,169725,,,
186484,36565,173809,,,
186485,36565,170224,,,
186486,36565,180971,,,
186487,36565,180970,,,
186488,36565,172775,,,
186489,36565,177369,,,
186491,36565,180947,,,
186492,36565,170708,,,
186493,36565,180435,,,
186494,36565,176847,,,
186495,36565,178891,,,
186496,36565,173770,,,
186498,36565,179901,,,
186499,36565,169654,,,
186500,36565,180910,,,
186501,36565,175790,,,
186503,36565,174250,,,
186504,36565,175785,,,
186505,36565,169640,,,
186507,36565,179358,,,
186508,36565,177299,,,
186509,36565,177295,,,
186510,36565,174214,,,
186511,36565,169604,,,
186512,36565,179840,,,
186514,36565,172148,,,
186515,36565,176746,,,
186516,36565,172137,,,
186517,36565,172135,,,
186518,36565,172131,,,
186519,36565,180307,,,
186521,36565,176723,,,
186522,36565,177218,,,
186523,36565,177217,,,
186524,36565,177216,,,
186525,36565,178749,,,
186526,36565,172604,,,
186528,36565,180282,,,
186529,36565,171577,,,
186530,36565,171575,,,
186531,36565,172595,,,
186532,36565,172594,,,
186533,36565,174637,,,
186535,36565,172575,,,
186536,36565,181278,,,
186537,36565,172573,,,
186538,36565,180756,,,
186539,36565,177172,,,
186540,36565,174100,,,
186542,36565,174092,,,
186543,36565,180741,,,
186544,36565,176136,,,
186545,36565,174088,,,
186546,36565,173575,,,
186547,36565,174087,,,
186549,36565,173061,,,
186550,36565,178178,,,
186551,36577,197643,,,
186552,36577,197602,,,
186553,36577,197642,,,
186554,36577,195712,,,
186556,36513,142843,,,
186557,36513,142837,,,
186558,36513,130028,,,
186559,36513,107497,,,
186560,36513,141797,,,
186561,36513,140765,,,
186563,36513,142787,,,
186564,36513,142784,,,
186565,36513,142782,,,
186566,36513,142781,,,
186567,36513,142780,,,
186568,36513,142773,,,
186570,36513,103851,,,
186571,36513,103338,,,
186572,36513,138665,,,
186573,36513,137123,,,
186574,36513,162712,,,
186575,36513,144787,,,
186577,36513,131473,,,
186578,36513,106383,,,
186579,36513,103310,,,
186580,36513,127882,,,
186581,36513,127861,,,
186582,36513,119157,,,
186584,36513,127860,,,
186585,36513,105838,,,
186586,36513,123752,,,
186587,36513,130910,,,
186588,36513,142161,,,
186589,36513,107849,,,
186591,36513,107846,,,
186592,36513,149829,,,
186593,36513,149828,,,
186594,36513,149827,,,
186595,36513,152385,,,
186596,36513,132417,,,
186598,36513,134454,,,
186599,36513,134452,,,
186600,36513,137516,,,
186601,36513,164119,,,
186602,36513,140561,,,
186603,36513,163599,,,
186605,36513,144647,,,
186606,36513,107782,,,
186607,36513,116491,,,
186608,36513,163594,,,
186610,36513,134407,,,
186611,36513,122631,,,
186612,36513,163590,,,
186614,36513,163588,,,
186615,36513,107778,,,
186616,36513,124156,,,
186617,36513,124155,,,
186618,36513,124154,,,
186619,36513,105724,,,
186621,36513,107770,,,
186622,36513,106232,,,
186623,36513,108277,,,
186624,36513,106228,,,
186625,36513,132849,,,
186626,36513,132850,,,
186628,36513,129776,,,
186629,36513,132334,,,
186630,36513,105704,,,
186631,36513,169188,,,
186632,36513,163037,,,
186633,36513,132828,,,
186635,36513,134343,,,
186636,36513,131270,,,
186637,36513,142531,,,
186638,36513,142015,,,
186639,36513,126142,,,
186640,36513,142525,,,
186642,36513,163512,,,
186643,36513,121527,,,
186644,36513,163510,,,
186645,36513,163503,,,
186646,36513,163502,,,
186647,36513,160929,,,
186649,36513,140942,,,
186650,36513,126091,,,
186651,36513,126063,,,
186652,36513,126058,,,
186653,36513,142950,,,
186654,36513,136794,,,
186656,36513,105559,,,
186657,36513,107593,,,
186658,36513,137799,,,
186659,36513,134208,,,
186660,36513,128064,,,
186661,36513,132155,,,
186663,36513,142381,,,
186664,36513,121902,,,
186665,36513,103469,,,
186666,36513,142886,,,
186667,36513,142885,,,
186668,36513,127525,,,
186670,36513,142877,,,
186671,36513,123412,,,
186672,36513,136722,,,
186673,36513,133135,,,
186674,36513,123915,,,
186675,36513,123914,,,
186677,36513,204808,,,
186678,36513,132100,,,
186679,36513,108035,,,
186680,36513,126978,,,
186681,36545,185567,,,
186682,36545,187134,,,
186684,36545,185564,,,
186685,36545,185563,,,
186686,36545,186202,,,
186687,36545,186200,,,
186688,36545,192790,,,
186689,36545,182261,,,
186691,36545,185565,,,
186692,36545,185566,,,
186693,36545,187782,,,
186694,36545,187813,,,
186695,36545,185569,,,
186696,36545,185568,,,
186698,36542,160758,,,
186699,36542,103920,,,
186700,36542,137067,,,
186701,36542,160871,,,
186702,36542,106339,,,
186703,36542,126688,,,
186705,36542,136921,,,
186706,36542,136406,,,
186707,36542,107478,,,
186708,36542,126805,,,
186709,36542,104148,,,
186710,36542,108499,,,
186712,36542,107471,,,
186713,36542,106317,,,
186714,36542,121420,,,
186715,36542,160453,,,
186717,36542,106296,,,
186718,36542,103733,,,
186719,36542,106414,,,
186721,36542,106282,,,
186722,36542,106408,,,
186723,36542,106404,,,
186724,36542,106403,,,
186725,36542,142624,,,
186726,36542,142622,,,
186728,36542,106389,,,
186729,36542,107534,,,
186730,36542,166023,,,
186731,36542,107141,,,
186732,36542,145667,,,
186733,36542,136322,,,
186735,36552,174846,,,
186736,36552,172028,,,
186737,36552,169562,,,
186738,36552,169950,,,
186739,36552,171036,,,
186740,36552,179917,,,
186742,36552,170347,,,
186743,36552,175171,,,
186744,36552,175969,,,
186745,36552,171808,,,
186746,36583,193533,,,
186747,36583,181707,,,
186749,36583,181685,,,
186750,36583,193457,,,
186751,36583,193455,,,
186752,36583,193447,,,
186753,36583,193446,,,
186754,36583,193434,,,
186756,36583,181657,,,
186757,36583,195991,,,
186758,36583,181655,,,
186759,36583,182166,,,
186760,36583,191891,,,
186761,36583,181652,,,
186763,36583,190866,,,
186764,36583,194961,,,
186765,36583,182160,,,
186766,36583,182159,,,
186767,36583,194955,,,
186768,36583,183178,,,
186770,36583,182153,,,
186771,36583,192904,,,
186772,36583,192902,,,
186773,36583,195969,,,
186774,36583,192867,,,
186775,36583,192864,,,
186777,36583,185174,,,
186778,36583,185172,,,
186779,36583,181581,,,
186780,36583,189260,,,
186781,36583,189251,,,
186782,36583,182083,,,
186784,36583,186159,,,
186785,36583,192813,,,
186786,36583,206118,,,
186787,36583,182051,,,
186788,36583,182050,,,
186789,36583,182049,,,
186791,36583,182047,,,
186792,36583,182036,,,
186793,36583,182035,,,
186794,36583,182034,,,
186795,36583,182033,,,
186796,36583,182032,,,
186798,36583,181521,,,
186799,36583,182030,,,
186800,36583,182029,,,
186801,36583,182028,,,
186802,36583,181517,,,
186803,36583,182027,,,
186805,36583,182025,,,
186806,36583,187146,,,
186807,36583,181513,,,
186808,36583,182024,,,
186809,36583,182023,,,
186810,36583,182022,,,
186812,36583,182020,,,
186813,36583,182019,,,
186814,36583,182018,,,
186815,36583,186612,,,
186816,36583,186101,,,
186817,36583,186099,,,
186819,36583,194284,,,
186820,36583,194282,,,
186821,36583,183522,,,
186822,36583,183521,,,
186824,36583,181465,,,
186825,36583,192214,,,
186826,36583,194772,,,
186828,36583,184529,,,
186829,36583,184524,,,
186830,36583,193728,,,
186831,36583,193727,,,
186832,36583,187575,,,
186833,36583,187572,,,
186835,36583,189607,,,
186836,36583,189605,,,
186837,36583,187552,,,
186838,36583,189595,,,
186839,36583,189594,,,
186840,36583,189593,,,
186842,36583,189592,,,
186843,36583,189591,,,
186844,36583,189590,,,
186845,36583,189589,,,
186846,36583,189588,,,
186847,36583,189587,,,
186849,36583,189585,,,
186850,36583,189584,,,
186851,36583,189583,,,
186852,36583,189582,,,
186853,36583,189581,,,
186854,36583,189580,,,
186856,36583,189578,,,
186857,36583,189566,,,
186858,36583,189565,,,
186859,36583,189560,,,
186860,36583,195198,,,
186861,36583,195197,,,
186863,36583,189563,,,
186864,36583,189562,,,
186865,36583,189561,,,
186866,36583,185976,,,
186867,36583,189559,,,
186868,36583,189558,,,
186870,36583,189556,,,
186871,36583,189555,,,
186872,36583,189554,,,
186873,36583,190064,,,
186874,36583,189549,,,
186875,36583,189548,,,
186877,36583,189546,,,
186878,36583,189545,,,
186879,36583,189544,,,
186880,36583,189543,,,
186881,36583,189542,,,
186882,36583,184934,,,
186884,36583,192089,,,
186885,36583,192088,,,
186886,36583,185942,,,
186887,36583,190035,,,
186888,36583,184382,,,
186889,36583,184377,,,
186891,36583,188455,,,
186892,36583,188454,,,
186893,36583,184356,,,
186894,36583,184348,,,
186895,36583,189466,,,
186896,36583,189464,,,
186898,36583,194567,,,
186899,36583,194564,,,
186900,36583,181763,,,
186901,36572,151965,,,
186902,36572,163837,,,
186903,36572,136317,,,
186905,36572,136938,,,
186906,36572,104616,,,
186907,36572,134881,,,
186908,36551,162629,,,
186909,36551,141668,,,
186910,36551,131053,,,
186912,36574,187775,,,
186913,36574,194939,,,
186914,36574,195385,,,
186915,36574,189272,,,
186916,36574,190994,,,
186917,36574,188275,,,
186919,36574,186385,,,
186920,36574,182479,,,
186921,36574,189742,,,
186922,36574,188652,,,
186923,36547,200902,,,
186924,36547,200539,,,
186926,36517,186171,,,
186927,36517,186170,,,
186928,36517,186169,,,
186929,36573,103295,,,
186931,36573,152058,,,
186932,36573,108153,,,
186933,36573,106481,,,
186935,36573,136938,,,
186936,36573,107240,,,
186937,36573,107111,,,
186938,36573,104550,,,
186939,36573,121693,,,
186940,36573,129243,,,
186942,36573,204632,,,
186943,36573,165333,,,
186944,36573,107221,,,
186945,36573,107219,,,
186946,36573,161481,,,
186947,36573,104517,,,
186949,36573,105664,,,
186950,36573,104512,,,
186951,36573,164021,,,
186952,36573,103610,,,
186953,36573,118969,,,
186954,36573,137654,,,
186956,36573,104374,,,
186957,36573,104373,,,
186958,36573,118963,,,
186959,36573,118962,,,
186960,36573,118961,,,
186961,36573,137005,,,
186963,36573,105901,,,
186964,36573,133415,,,
186965,36573,104616,,,
186966,36573,105639,,,
186967,36573,103328,,,
186968,36573,151965,,,
186970,36573,106521,,,
186971,36573,135831,,,
186972,36573,164116,,,
186973,36573,142224,,,
186974,36573,104205,,,
186975,36573,134283,,,
186977,36509,142846,,,
186978,36509,108285,,,
186979,36509,164974,,,
186980,36509,161649,,,
186981,36509,136435,,,
186982,36509,147186,,,
186984,36509,133488,,,
186985,36509,127086,,,
186986,36509,107246,,,
186987,36509,134246,,,
186988,36509,124006,,,
186989,36509,107235,,,
186991,36509,124511,,,
186992,36509,106589,,,
186993,36509,137048,,,
186994,36509,130904,,,
186995,36509,137047,,,
186996,36509,161110,,,
186998,36509,125905,,,
186999,36509,152012,,,
187000,36509,149761,,,
187001,36509,135757,,,
187002,36509,137932,,,
187003,36509,147531,,,
187005,36509,163654,,,
187006,36509,125893,,,
187007,36509,112964,,,
187008,36509,111172,,,
187009,36509,122178,,,
187010,36509,130497,,,
187012,36509,144445,,,
187013,36509,117559,,,
187014,36509,117558,,,
187015,36509,130357,,,
187016,36509,163634,,,
187017,36509,127662,,,
187019,36509,132132,,,
187020,36509,127656,,,
187021,36509,127525,,,
187022,36509,103846,,,
187023,36509,107429,,,
187024,36509,118948,,,
187026,36509,107682,,,
187027,36509,106273,,,
187028,36509,160928,,,
187029,36509,137758,,,
187030,36509,145820,,,
187031,36509,106651,,,
187033,36509,136340,,,
187034,36509,126355,,,
187035,36509,165649,,,
187036,36509,160646,,,
187038,36509,131468,,,
187039,36509,132618,,,
187040,36509,127882,,,
187042,36509,117768,,,
187043,36509,131463,,,
187044,36509,132100,,,
187045,36509,131202,,,
187046,36509,126209,,,
187047,36509,128387,,,
187049,36509,109825,,,
187050,36511,173175,,,
187051,36511,171516,,,
187052,36511,180981,,,
187053,36511,180984,,,
187054,36511,176759,,,
187056,36511,174836,,,
187057,36511,172276,,,
187058,36511,176878,,,
187059,36511,173423,,,
187060,36511,176494,,,
187061,36511,178413,,,
187063,36511,176488,,,
187064,36511,176487,,,
187065,36511,176997,,,
187066,36511,176504,,,
187067,36511,176610,,,
187068,36511,179937,,,
187070,36511,170583,,,
187071,36511,176982,,,
187072,36511,176595,,,
187073,36511,175056,,,
187074,36511,170191,,,
187075,36511,176589,,,
187077,36511,172870,,,
187078,36511,176964,,,
187079,36511,176574,,,
187080,36511,174009,,,
187081,36511,173496,,,
187082,36511,176439,,,
187084,36511,180015,,,
187085,36511,206122,,,
187086,36511,173480,,,
187087,36511,173479,,,
187088,36511,173478,,,
187089,36511,206114,,,
187091,36511,169890,,,
187092,36511,175521,,,
187093,36511,180768,,,
187094,36511,172830,,,
187095,36511,176283,,,
187096,36511,173181,,,
187098,36511,173590,,,
187099,36511,172437,,,
187100,36511,173195,,,
187101,36511,177545,,,
187102,36511,177544,,,
187103,36511,176775,,,
187105,36511,174721,,,
187106,36568,199551,,,
187107,36568,199514,,,
187108,36568,200311,,,
187109,36568,200310,,,
187110,36568,200309,,,
187112,36568,200307,,,
187113,36568,199554,,,
187114,36510,119164,,,
187115,36510,104569,,,
187116,36510,140662,,,
187117,36510,142451,,,
187119,36510,133101,,,
187120,36510,105706,,,
187121,36510,127336,,,
187122,36510,141159,,,
187123,36510,138583,,,
187124,36510,116559,,,
187126,36510,144451,,,
187127,36510,113088,,,
187128,36510,165820,,,
187129,36510,142651,,,
187130,36510,144818,,,
187131,36510,105137,,,
187133,36510,105124,,,
187134,36510,105123,,,
187135,36510,142749,,,
187136,36510,142748,,,
187137,36510,142607,,,
187138,36510,142990,,,
187140,36510,139014,,,
187141,36510,161794,,,
187142,36575,126557,,,
187143,36575,126410,,,
187145,36528,147838,,,
187146,36528,165495,,,
187147,36528,145525,,,
187149,36528,132590,,,
187150,36528,121324,,,
187151,36528,114909,,,
187152,36528,143567,,,
187153,36528,151246,,,
187154,36528,130507,,,
187156,36528,149315,,,
187157,36528,149314,,,
187158,36528,107970,,,
187159,36528,149312,,,
187160,36528,149311,,,
187161,36528,149310,,,
187163,36528,145083,,,
187164,36528,140467,,,
187165,36528,169138,,,
187167,36528,162601,,,
187168,36528,150567,,,
187170,36528,145051,,,
187171,36528,120859,,,
187172,36528,114330,,,
187173,36528,120344,,,
187174,36528,123391,,,
187175,36528,141960,,,
187177,36528,103297,,,
187178,36543,200222,,,
187179,36543,199734,,,
187180,36543,199603,,,
187181,36650,195837,,,
187182,36650,188411,,,
187184,36650,191224,,,
187185,36650,195572,,,
187186,36650,192110,,,
187187,36650,195820,,,
187188,36650,187882,,,
187189,36650,187881,,,
187191,36650,187879,,,
187192,36650,187878,,,
187193,36650,187877,,,
187194,36650,190693,,,
187195,36650,187876,,,
187196,36650,187874,,,
187198,36650,195548,,,
187199,36650,195547,,,
187200,36650,195543,,,
187201,36650,195542,,,
187202,36650,195541,,,
187203,36650,195539,,,
187205,36650,188748,,,
187206,36650,188236,,,
187207,36650,188747,,,
187208,36650,181450,,,
187209,36650,195523,,,
187210,36650,181832,,,
187212,36650,191302,,,
187213,36650,188229,,,
187214,36650,195521,,,
187215,36650,195525,,,
187216,36650,195524,,,
187217,36650,190147,,,
187219,36650,195520,,,
187220,36650,190784,,,
187221,36650,195526,,,
187222,36650,190140,,,
187223,36650,187955,,,
187224,36650,193307,,,
187226,36622,177662,,,
187227,36622,174070,,,
187228,36622,178675,,,
187229,36622,173043,,,
187230,36622,181231,,,
187231,36622,179182,,,
187233,36622,170475,,,
187234,36622,176617,,,
187235,36622,173033,,,
187236,36622,173032,,,
187237,36622,169958,,,
187238,36622,179683,,,
187240,36622,169952,,,
187241,36622,179674,,,
187242,36622,174555,,,
187243,36622,175578,,,
187244,36622,181205,,,
187245,36622,180684,,,
187247,36622,180679,,,
187248,36622,180168,,,
187249,36622,178120,,,
187250,36622,169415,,,
187252,36622,178625,,,
187253,36622,172483,,,
187254,36622,172482,,,
187256,36622,180667,,,
187257,36622,176575,,,
187258,36622,177593,,,
187259,36622,176572,,,
187260,36622,172988,,,
187261,36622,177592,,,
187263,36622,174009,,,
187264,36622,177079,,,
187265,36622,177078,,,
187266,36622,174006,,,
187267,36622,179126,,,
187268,36622,177587,,,
187270,36622,174515,,,
187271,36622,175538,,,
187272,36622,180657,,,
187273,36622,177069,,,
187274,36622,175533,,,
187275,36622,172462,,,
187277,36622,178602,,,
187278,36622,174506,,,
187279,36622,172458,,,
187280,36622,179112,,,
187281,36622,172455,,,
187282,36622,179110,,,
187284,36622,181150,,,
187285,36622,179107,,,
187286,36622,170402,,,
187287,36622,176545,,,
187288,36622,179104,,,
187289,36622,181143,,,
187291,36622,170398,,,
187292,36622,174493,,,
187293,36622,174492,,,
187294,36622,180626,,,
187295,36622,175002,,,
187296,36622,176537,,,
187298,36622,173463,,,
187299,36622,177045,,,
187300,36622,174485,,,
187301,36622,171924,,,
187302,36622,174481,,,
187303,36622,174480,,,
187305,36622,171408,,,
187306,36622,169871,,,
187307,36622,181132,,,
187308,36622,178058,,,
187309,36622,179593,,,
187310,36622,169352,,,
187312,36622,177029,,,
187313,36622,180612,,,
187314,36622,179074,,,
187315,36622,176514,,,
187316,36622,176512,,,
187317,36622,180094,,,
187319,36622,179577,,,
187320,36622,178041,,,
187321,36622,172408,,,
187322,36622,180596,,,
187323,36622,175475,,,
187324,36622,181103,,,
187326,36622,169834,,,
187327,36622,176479,,,
187328,36622,176477,,,
187329,36622,176476,,,
187330,36622,175451,,,
187331,36622,178521,,,
187333,36622,180054,,,
187334,36622,169809,,,
187335,36622,169808,,,
187336,36622,179535,,,
187337,36622,179021,,,
187338,36622,169801,,,
187340,36622,170817,,,
187341,36622,177471,,,
187342,36622,176446,,,
187343,36622,179001,,,
187344,36622,179000,,,
187345,36622,178998,,,
187347,36622,171828,,,
187348,36622,173875,,,
187349,36622,173873,,,
187350,36622,176432,,,
187351,36622,171823,,,
187352,36622,181037,,,
187354,36622,181023,,,
187355,36622,181022,,,
187356,36622,180518,,,
187357,36622,180512,,,
187359,36622,171299,,,
187360,36622,171298,,,
187361,36622,170785,,,
187363,36622,170783,,,
187364,36622,174366,,,
187365,36622,180504,,,
187366,36622,179481,,,
187367,36622,172826,,,
187368,36622,172825,,,
187370,36622,171799,,,
187371,36622,171798,,,
187372,36622,178449,,,
187373,36622,173836,,,
187374,36622,181001,,,
187375,36622,174345,,,
187377,36622,179972,,,
187378,36622,180994,,,
187379,36622,180989,,,
187380,36622,177404,,,
187381,36622,173309,,,
187382,36622,174331,,,
187384,36622,180986,,,
187385,36622,177400,,,
187386,36622,179447,,,
187387,36622,179446,,,
187388,36622,180980,,,
187389,36622,179444,,,
187391,36622,174313,,,
187392,36622,172264,,,
187393,36622,172263,,,
187394,36622,180958,,,
187395,36622,180954,,,
187396,36622,179929,,,
187398,36622,176856,,,
187399,36622,176855,,,
187400,36622,173785,,,
187401,36622,173784,,,
187402,36622,173783,,,
187403,36622,173271,,,
187405,36622,174284,,,
187406,36622,180938,,,
187407,36622,177865,,,
187408,36622,172739,,,
187409,36622,171712,,,
187410,36622,179391,,,
187412,36622,179385,,,
187413,36622,169650,,,
187414,36622,178865,,,
187415,36622,180910,,,
187416,36622,169647,,,
187417,36622,179372,,,
187419,36622,169644,,,
187420,36622,174251,,,
187421,36622,173221,,,
187422,36622,176293,,,
187423,36622,179363,,,
187424,36622,172704,,,
187426,36622,180895,,,
187427,36622,180893,,,
187428,36622,179358,,,
187429,36622,178333,,,
187430,36622,180379,,,
187431,36622,179354,,,
187433,36622,178326,,,
187434,36622,174227,,,
187435,36622,180364,,,
187436,36622,180362,,,
187437,36622,171142,,,
187438,36622,180357,,,
187440,36622,175742,,,
187441,36622,172157,,,
187442,36622,180350,,,
187443,36622,175741,,,
187444,36622,180345,,,
187445,36622,178295,,,
187447,36622,181358,,,
187448,36622,181357,,,
187449,36622,171116,,,
187450,36622,176229,,,
187451,36622,175717,,,
187452,36622,174692,,,
187454,36622,172125,,,
187455,36622,181339,,,
187456,36622,179797,,,
187457,36622,174141,,,
187458,36622,181306,,,
187459,36622,175672,,,
187461,36622,171575,,,
187462,36622,181297,,,
187463,36622,181296,,,
187464,36622,181295,,,
187466,36622,172078,,,
187467,36622,169518,,,
187468,36622,177197,,,
187470,36622,170536,,,
187471,36622,173606,,,
187472,36622,173605,,,
187473,36622,170532,,,
187474,36622,179235,,,
187475,36622,172577,,,
187477,36622,172573,,,
187478,36622,174616,,,
187479,36622,178199,,,
187480,36622,180759,,,
187481,36622,180757,,,
187482,36622,178197,,,
187484,36622,173586,,,
187485,36622,178192,,,
187486,36622,178191,,,
187487,36622,178701,,,
187488,36622,175629,,,
187489,36622,178188,,,
187491,36622,172553,,,
187492,36622,177158,,,
187493,36622,177664,,,
187494,36632,150043,,,
187495,36632,150128,,,
187496,36632,131053,,,
187498,36632,146984,,,
187499,36632,162629,,,
187500,36632,141668,,,
187501,36638,107895,,,
187502,36638,127998,,,
187503,36638,130167,,,
187505,36638,164336,,,
187506,36638,126957,,,
187507,36638,126699,,,
187508,36638,145642,,,
187509,36638,106344,,,
187510,36638,107619,,,
187512,36638,128351,,,
187513,36638,164058,,,
187514,36638,106702,,,
187515,36638,134345,,,
187516,36638,131018,,,
187517,36638,130760,,,
187519,36638,161727,,,
187520,36638,106686,,,
187521,36638,120635,,,
187522,36638,165558,,,
187523,36638,103862,,,
187524,36638,165557,,,
187526,36638,107692,,,
187527,36638,107691,,,
187528,36638,128167,,,
187529,36638,128037,,,
187530,36638,128036,,,
187531,36638,128035,,,
187533,36638,128032,,,
187534,36638,106399,,,
187535,36638,103323,,,
187536,36638,105364,,,
187537,36638,108435,,,
187538,36638,104721,,,
187540,36638,162818,,,
187541,36638,161542,,,
187542,36638,160770,,,
187543,36638,107139,,,
187544,36638,161539,,,
187545,36638,104962,,,
187547,36585,191864,,,
187548,36585,204654,,,
187549,36585,183790,,,
187550,36585,190438,,,
187551,36585,190424,,,
187552,36585,189400,,,
187554,36585,190420,,,
187555,36585,187731,,,
187556,36585,187730,,,
187557,36585,187726,,,
187558,36585,189389,,,
187559,36585,190408,,,
187561,36585,198340,,,
187562,36585,195389,,,
187563,36585,190397,,,
187564,36585,190522,,,
187565,36585,192310,,,
187566,36585,192311,,,
187568,36585,192308,,,
187569,36585,192307,,,
187570,36585,192306,,,
187571,36585,192305,,,
187573,36585,192304,,,
187574,36585,192559,,,
187575,36585,195627,,,
187577,36585,192289,,,
187578,36585,192288,,,
187579,36585,191007,,,
187580,36585,183832,,,
187581,36585,183831,,,
187582,36585,183830,,,
187584,36585,181895,,,
187585,36585,181894,,,
187586,36619,141293,,,
187587,36619,141292,,,
187588,36619,124140,,,
187589,36619,141291,,,
187591,36619,141282,,,
187592,36619,141281,,,
187593,36619,129242,,,
187594,36619,162777,,,
187595,36619,160591,,,
187596,36619,160588,,,
187598,36619,141386,,,
187599,36619,136393,,,
187600,36619,105034,,,
187601,36619,106824,,,
187602,36619,105032,,,
187603,36619,162632,,,
187605,36619,141245,,,
187606,36619,104874,,,
187607,36619,104872,,,
187608,36619,138404,,,
187609,36619,160541,,,
187610,36619,104850,,,
187612,36619,144652,,,
187613,36619,105356,,,
187614,36619,144650,,,
187615,36619,137354,,,
187616,36643,125753,,,
187617,36643,125478,,,
187619,36643,117129,,,
187620,36625,132351,,,
187621,36625,149372,,,
187622,36625,119291,,,
187623,36625,119290,,,
187624,36625,106489,,,
187626,36625,166258,,,
187627,36625,134898,,,
187628,36625,119279,,,
187629,36625,160869,,,
187630,36625,131304,,,
187631,36625,123626,,,
187633,36625,123624,,,
187634,36625,126055,,,
187635,36625,133734,,,
187636,36625,132709,,,
187637,36625,119292,,,
187638,36625,127329,,,
187640,36625,136532,,,
187641,36625,204113,,,
187642,36625,108369,,,
187643,36625,132303,,,
187644,36625,132301,,,
187645,36625,205255,,,
187647,36625,103364,,,
187648,36625,166210,,,
187649,36625,160959,,,
187650,36625,133821,,,
187651,36625,123325,,,
187652,36625,119610,,,
187654,36625,105403,,,
187655,36625,119611,,,
187656,36625,121402,,,
187657,36625,107062,,,
187658,36625,105398,,,
187659,36625,121003,,,
187661,36625,166050,,,
187662,36625,136987,,,
187663,36625,144921,,,
187664,36625,119958,,,
187665,36625,125331,,,
187666,36625,134929,,,
187668,36625,118800,,,
187669,36625,118799,,,
187670,36625,106380,,,
187671,36625,163203,,,
187672,36608,117663,,,
187673,36608,166268,,,
187675,36608,106134,,,
187676,36608,108323,,,
187677,36608,120674,,,
187678,36608,120673,,,
187680,36630,173044,,,
187681,36630,172525,,,
187682,36630,175586,,,
187684,36630,172514,,,
187685,36630,172510,,,
187686,36630,172502,,,
187687,36630,172501,,,
187688,36630,175570,,,
187689,36630,172496,,,
187691,36630,181197,,,
187692,36630,173516,,,
187693,36630,181193,,,
187694,36630,175550,,,
187695,36630,171966,,,
187696,36630,181178,,,
187698,36630,179129,,,
187699,36630,174515,,,
187700,36630,178093,,,
187701,36630,177069,,,
187702,36630,169389,,,
187703,36630,178598,,,
187705,36630,180129,,,
187706,36630,174488,,,
187707,36630,180631,,,
187708,36630,181136,,,
187709,36630,169871,,,
187710,36630,176521,,,
187712,36630,173953,,,
187713,36630,175996,,,
187714,36630,174962,,,
187715,36630,181086,,,
187716,36630,179034,,,
187717,36630,179033,,,
187719,36630,171864,,,
187720,36630,179029,,,
187721,36630,171861,,,
187722,36630,179026,,,
187723,36630,179022,,,
187724,36630,170827,,,
187726,36630,170303,,,
187727,36630,173373,,,
187728,36630,173372,,,
187729,36630,179002,,,
187730,36630,174394,,,
187731,36630,174392,,,
187733,36630,176435,,,
187734,36630,181032,,,
187735,36630,175395,,,
187736,36630,178462,,,
187737,36630,178459,,,
187738,36630,174873,,,
187740,36630,178449,,,
187741,36630,173840,,,
187742,36630,172301,,,
187743,36630,173833,,,
187744,36630,173832,,,
187745,36630,173830,,,
187747,36630,171774,,,
187748,36630,179454,,,
187749,36630,180990,,,
187750,36630,180989,,,
187751,36630,180985,,,
187752,36630,173811,,,
187754,36630,173802,,,
187755,36630,179432,,,
187756,36630,169704,,,
187757,36630,177375,,,
187758,36630,172232,,,
187759,36630,177330,,,
187761,36630,176294,,,
187762,36630,173217,,,
187763,36630,173213,,,
187764,36630,174223,,,
187765,36630,176268,,,
187766,36630,174217,,,
187768,36630,176260,,,
187769,36630,174212,,,
187770,36630,174211,,,
187771,36630,172163,,,
187772,36630,179319,,,
187773,36630,169589,,,
187775,36630,172656,,,
187776,36630,172144,,,
187777,36630,172654,,,
187778,36630,170087,,,
187779,36630,173148,,,
187780,36630,180827,,,
187782,36630,176214,,,
187783,36630,172630,,,
187784,36630,172629,,,
187785,36630,180819,,,
187787,36630,171601,,,
187788,36630,173648,,,
187789,36630,181319,,,
187791,36630,179789,,,
187792,36630,178763,,,
187793,36630,175179,,,
187794,36630,179786,,,
187795,36630,171593,,,
187796,36630,179272,,,
187798,36630,180806,,,
187799,36630,172613,,,
187800,36630,178756,,,
187801,36630,178753,,,
187802,36630,169528,,,
187803,36630,180792,,,
187805,36630,173611,,,
187806,36630,170027,,,
187807,36630,171048,,,
187808,36630,173093,,,
187809,36630,173091,,,
187810,36630,175120,,,
187812,36630,173072,,,
187813,36630,177675,,,
187814,36630,178698,,,
187815,36630,173577,,,
187816,36630,173576,,,
187817,36630,180226,,,
187819,36618,172926,,,
187820,36618,175996,,,
187821,36618,175995,,,
187822,36618,175992,,,
187823,36618,173422,,,
187824,36618,178665,,,
187826,36618,175973,,,
187827,36618,171362,,,
187828,36618,175968,,,
187829,36618,178262,,,
187830,36618,178386,,,
187831,36618,175695,,,
187833,36618,178248,,,
187834,36618,177730,,,
187835,36618,181302,,,
187836,36618,171316,,,
187837,36618,169907,,,
187838,36618,169519,,,
187840,36618,176671,,,
187841,36618,176670,,,
187842,36618,176669,,,
187843,36618,177436,,,
187844,36618,176664,,,
187845,36618,178324,,,
187847,36618,176399,,,
187848,36618,181129,,,
187849,36618,174855,,,
187850,36618,176006,,,
187851,36618,177539,,,
187852,36618,170240,,,
187854,36641,200059,,,
187855,36641,200057,,,
187856,36641,200056,,,
187857,36641,200055,,,
187858,36641,200054,,,
187859,36641,200675,,,
187861,36596,163581,,,
187862,36596,107643,,,
187863,36596,163702,,,
187864,36596,137462,,,
187865,36596,152312,,,
187866,36596,164087,,,
187868,36596,165230,,,
187869,36596,137452,,,
187870,36596,133870,,,
187871,36596,105583,,,
187872,36596,105582,,,
187873,36596,128493,,,
187875,36596,105579,,,
187876,36596,104682,,,
187877,36596,125929,,,
187878,36596,117607,,,
187879,36596,105575,,,
187880,36596,105572,,,
187882,36596,138459,,,
187883,36596,117595,,,
187884,36596,117594,,,
187885,36596,117593,,,
187886,36596,106487,,,
187887,36596,165332,,,
187889,36596,137172,,,
187890,36596,164435,,,
187891,36596,163026,,,
187892,36596,127057,,,
187894,36596,104653,,,
187895,36596,130379,,,
187896,36596,147528,,,
187898,36596,137792,,,
187899,36596,165310,,,
187900,36596,134462,,,
187901,36596,162745,,,
187902,36596,137908,,,
187903,36596,104620,,,
187905,36596,108330,,,
187906,36596,104617,,,
187907,36596,163880,,,
187908,36596,162721,,,
187909,36596,130849,,,
187910,36596,104096,,,
187912,36596,108153,,,
187913,36596,150927,,,
187914,36596,147469,,,
187915,36596,132493,,,
187916,36596,163724,,,
187917,36596,128010,,,
187919,36596,104840,,,
187920,36596,137863,,,
187921,36596,137862,,,
187922,36596,163717,,,
187923,36596,165761,,,
187924,36596,137857,,,
187926,36607,147519,,,
187927,36607,147643,,,
187928,36607,149400,,,
187929,36607,129816,,,
187930,36607,162960,,,
187931,36607,141132,,,
187933,36607,129666,,,
187934,36607,147328,,,
187935,36591,194559,,,
187936,36591,194558,,,
187937,36591,194557,,,
187938,36591,194556,,,
187940,36591,194554,,,
187941,36591,188406,,,
187942,36591,188405,,,
187943,36591,188407,,,
187944,36591,182261,,,
187945,36591,188403,,,
187947,36591,188400,,,
187948,36591,182768,,,
187949,36591,182256,,,
187950,36591,191983,,,
187951,36591,193007,,,
187952,36591,190951,,,
187954,36591,187882,,,
187955,36591,187881,,,
187956,36591,187880,,,
187957,36591,187879,,,
187958,36591,187878,,,
187959,36591,187877,,,
187961,36591,194019,,,
187962,36591,194528,,,
187963,36591,194527,,,
187964,36591,191968,,,
187965,36591,192479,,,
187966,36591,192478,,,
187968,36591,191445,,,
187969,36591,189396,,,
187970,36591,195535,,,
187971,36591,195022,,,
187972,36591,194508,,,
187973,36591,194507,,,
187975,36591,194505,,,
187976,36591,184775,,,
187977,36591,188358,,,
187978,36591,190914,,,
187979,36591,184768,,,
187980,36591,182205,,,
187982,36591,188346,,,
187983,36591,188345,,,
187984,36591,187319,,,
187985,36591,185783,,,
187986,36591,194486,,,
187987,36591,192949,,,
187989,36591,186798,,,
187990,36591,186793,,,
187991,36591,194555,,,
187992,36591,189350,,,
187993,36591,186785,,,
187994,36591,187807,,,
187996,36591,185754,,,
187997,36591,185753,,,
187998,36591,185751,,,
187999,36591,194454,,,
188001,36591,187782,,,
188002,36591,185738,,,
188003,36591,185737,,,
188005,36591,185735,,,
188006,36591,185734,,,
188007,36591,185733,,,
188008,36591,185732,,,
188009,36591,185731,,,
188010,36591,185730,,,
188012,36591,187775,,,
188013,36591,187774,,,
188014,36591,184698,,,
188015,36591,185721,,,
188016,36591,185720,,,
188017,36591,185719,,,
188019,36591,185717,,,
188020,36591,185716,,,
188021,36591,185715,,,
188022,36591,185714,,,
188023,36591,184682,,,
188024,36591,184681,,,
188026,36591,185698,,,
188027,36591,185695,,,
188028,36591,186202,,,
188029,36591,182616,,,
188030,36591,182615,,,
188031,36591,182614,,,
188033,36591,186193,,,
188034,36591,195406,,,
188035,36591,187725,,,
188036,36591,188236,,,
188037,36591,187723,,,
188038,36591,183114,,,
188040,36591,181575,,,
188041,36591,181574,,,
188042,36591,187205,,,
188043,36591,189447,,,
188044,36591,189763,,,
188045,36591,181570,,,
188047,36591,189446,,,
188048,36591,193853,,,
188049,36591,189445,,,
188050,36591,187193,,,
188051,36591,187192,,,
188052,36591,187191,,,
188054,36591,189444,,,
188055,36591,188212,,,
188056,36591,188211,,,
188057,36591,183086,,,
188058,36591,196908,,,
188059,36591,196906,,,
188061,36591,192296,,,
188062,36591,192290,,,
188063,36591,185126,,,
188064,36591,188194,,,
188065,36591,188193,,,
188066,36591,188192,,,
188068,36591,188190,,,
188069,36591,188189,,,
188070,36591,185119,,,
188071,36591,188188,,,
188072,36591,188187,,,
188073,36591,188186,,,
188075,36591,190236,,,
188076,36591,188185,,,
188077,36591,185114,,,
188078,36591,188184,,,
188079,36591,188183,,,
188080,36591,188182,,,
188082,36591,188180,,,
188083,36591,181524,,,
188084,36591,187661,,,
188085,36591,187654,,,
188086,36591,192772,,,
188087,36591,187652,,,
188089,36591,194297,,,
188090,36591,193279,,,
188091,36591,191229,,,
188092,36591,187134,,,
188093,36591,191228,,,
188094,36591,182012,,,
188096,36591,191226,,,
188097,36591,189177,,,
188098,36591,186096,,,
188099,36591,183535,,,
188100,36591,194279,,,
188101,36591,190695,,,
188103,36591,184546,,,
188104,36591,191712,,,
188105,36591,181472,,,
188106,36591,192731,,,
188108,36591,188408,,,
188109,36591,181465,,,
188110,36591,184536,,,
188112,36591,190660,,,
188113,36591,190147,,,
188114,36591,190655,,,
188115,36591,191163,,,
188116,36591,190140,,,
188117,36591,182459,,,
188119,36591,185507,,,
188120,36591,185505,,,
188121,36591,185502,,,
188122,36591,186525,,,
188123,36591,186524,,,
188124,36591,192664,,,
188126,36591,183958,,,
188127,36591,194707,,,
188128,36591,187026,,,
188129,36591,186507,,,
188130,36591,182922,,,
188131,36591,184971,,,
188133,36591,188042,,,
188134,36591,186503,,,
188135,36591,186502,,,
188136,36591,184966,,,
188137,36591,191620,,,
188138,36591,185476,,,
188140,36591,192130,,,
188141,36591,192129,,,
188142,36591,192128,,,
188143,36591,192127,,,
188144,36591,192126,,,
188145,36591,192125,,,
188147,36591,192120,,,
188148,36591,185463,,,
188149,36591,188021,,,
188150,36591,185460,,,
188151,36591,195698,,,
188152,36591,191597,,,
188154,36591,191077,,,
188155,36591,193307,,,
188156,36591,191984,,,
188157,36591,195152,,,
188158,36591,181838,,,
188159,36591,195147,,,
188161,36591,186441,,,
188162,36591,184906,,,
188163,36591,184905,,,
188164,36591,195144,,,
188165,36591,185414,,,
188166,36591,181820,,,
188168,36591,193072,,,
188169,36591,184362,,,
188170,36591,195598,,,
188171,36591,188968,,,
188172,36591,188454,,,
188173,36591,183846,,,
188175,36591,188956,,,
188176,36591,188447,,,
188177,36591,188445,,,
188178,36591,184349,,,
188179,36591,184348,,,
188180,36591,195096,,,
188182,36591,195093,,,
188183,36591,195090,,,
188184,36591,193046,,,
188185,36591,193045,,,
188186,36591,188437,,,
188187,36591,193038,,,
188189,36591,188428,,,
188190,36591,187921,,,
188191,36591,188427,,,
188192,36591,188426,,,
188193,36591,188425,,,
188194,36591,188424,,,
188196,36591,188422,,,
188197,36591,186378,,,
188198,36591,185353,,,
188199,36591,182792,,,
188200,36591,184839,,,
188201,36591,188421,,,
188203,36591,188420,,,
188204,36591,188419,,,
188205,36591,193026,,,
188206,36591,194560,,,
188207,36615,132908,,,
188208,36629,170018,,,
188210,36613,147422,,,
188211,36613,131319,,,
188212,36613,143767,,,
188213,36613,147572,,,
188215,36613,131053,,,
188216,36613,146088,,,
188217,36613,141928,,,
188219,36613,162629,,,
188220,36613,103842,,,
188221,36646,198818,,,
188222,36601,172525,,,
188223,36601,181219,,,
188224,36601,172515,,,
188226,36601,176097,,,
188227,36601,172510,,,
188228,36601,171996,,,
188229,36601,172503,,,
188230,36601,172502,,,
188231,36601,172501,,,
188233,36601,172496,,,
188234,36601,181197,,,
188235,36601,180686,,,
188236,36601,179149,,,
188237,36601,173516,,,
188238,36601,181193,,,
188240,36601,179130,,,
188241,36601,171966,,,
188242,36601,178106,,,
188243,36601,175036,,,
188244,36601,175035,,,
188245,36601,175034,,,
188247,36601,175032,,,
188248,36601,175030,,,
188249,36601,174515,,,
188250,36601,178093,,,
188251,36601,178598,,,
188252,36601,180631,,,
188254,36601,173953,,,
188255,36601,179063,,,
188256,36601,176503,,,
188257,36601,172401,,,
188258,36601,181086,,,
188259,36601,179034,,,
188261,36601,178008,,,
188262,36601,171864,,,
188263,36601,179029,,,
188264,36601,171862,,,
188265,36601,171861,,,
188266,36601,179026,,,
188268,36601,172366,,,
188269,36601,179017,,,
188270,36601,172358,,,
188271,36601,172357,,,
188272,36601,179002,,,
188273,36601,174394,,,
188275,36601,174392,,,
188276,36601,178459,,,
188277,36601,172822,,,
188278,36601,178449,,,
188279,36601,173838,,,
188280,36601,173833,,,
188282,36601,173830,,,
188283,36601,173829,,,
188284,36601,175873,,,
188285,36601,175871,,,
188286,36601,171774,,,
188287,36601,180990,,,
188289,36601,176881,,,
188290,36601,173802,,,
188291,36601,179432,,,
188292,36601,169704,,,
188293,36601,177382,,,
188294,36601,172260,,,
188296,36601,177356,,,
188297,36601,175813,,,
188298,36601,175812,,,
188299,36601,177330,,,
188300,36601,174250,,,
188301,36601,180376,,,
188303,36601,179345,,,
188304,36601,174223,,,
188305,36601,173193,,,
188306,36601,173191,,,
188307,36601,176261,,,
188308,36601,172163,,,
188310,36601,173683,,,
188311,36601,173168,,,
188312,36601,172656,,,
188313,36601,172144,,,
188314,36601,169585,,,
188315,36601,169584,,,
188317,36601,180332,,,
188318,36601,174185,,,
188319,36601,178790,,,
188320,36601,178788,,,
188322,36601,172125,,,
188323,36601,180824,,,
188324,36601,172632,,,
188326,36601,172629,,,
188327,36601,180819,,,
188328,36601,171601,,,
188329,36601,179786,,,
188330,36601,171593,,,
188331,36601,179272,,,
188333,36601,180806,,,
188334,36601,178742,,,
188335,36601,178740,,,
188336,36601,180785,,,
188337,36601,170027,,,
188338,36601,171048,,,
188340,36601,175138,,,
188341,36601,178718,,,
188342,36601,172056,,,
188343,36601,173072,,,
188344,36601,173577,,,
188345,36601,173576,,,
188347,36588,185688,,,
188348,36588,195056,,,
188349,36588,185007,,,
188350,36588,195050,,,
188351,36588,195047,,,
188352,36588,188456,,,
188354,36588,187942,,,
188355,36588,187429,,,
188356,36588,194593,,,
188357,36588,191489,,,
188358,36593,190751,,,
188359,36593,184830,,,
188361,36593,190745,,,
188362,36593,190741,,,
188363,36593,181582,,,
188364,36593,184172,,,
188365,36593,184171,,,
188366,36593,181705,,,
188368,36593,181734,,,
188369,36593,183458,,,
188370,36653,131687,,,
188371,36653,165737,,,
188372,36647,201559,,,
188373,36647,200813,,,
188375,36600,202361,,,
188376,36600,200277,,,
188377,36600,201364,,,
188378,36600,201002,,,
188379,36600,201480,,,
188380,36600,201350,,,
188382,36611,131053,,,
188383,36611,118113,,,
188384,36611,118112,,,
188385,36611,118111,,,
188386,36611,136790,,,
188387,36611,166221,,,
188389,36611,137420,,,
188390,36611,162629,,,
188391,36611,142149,,,
188392,36611,163395,,,
188393,36611,162107,,,
188394,36611,162106,,,
188396,36611,142122,,,
188397,36611,162078,,,
188398,36611,137629,,,
188399,36611,162077,,,
188400,36611,162051,,,
188401,36611,132354,,,
188403,36605,129812,,,
188404,36605,121647,,,
188405,36605,121646,,,
188406,36605,127949,,,
188407,36594,199390,,,
188408,36594,202163,,,
188410,36594,199475,,,
188411,36594,199473,,,
188412,36594,199471,,,
188413,36594,199663,,,
188414,36594,199621,,,
188415,36598,182269,,,
188417,36598,183273,,,
188418,36598,183272,,,
188419,36598,183271,,,
188420,36598,183270,,,
188421,36598,183269,,,
188422,36598,183268,,,
188424,36598,185689,,,
188425,36598,185690,,,
188426,36598,185687,,,
188427,36598,185688,,,
188429,36598,185686,,,
188430,36598,185279,,,
188431,36598,195132,,,
188433,36598,185012,,,
188434,36598,187310,,,
188435,36598,184986,,,
188436,36598,188174,,,
188437,36598,182926,,,
188438,36598,188173,,,
188440,36614,103927,,,
188441,36614,131052,,,
188442,36614,128107,,,
188443,36614,120168,,,
188444,36614,157158,,,
188445,36614,148707,,,
188447,36614,108252,,,
188448,36614,161751,,,
188449,36614,107342,,,
188450,36614,121421,,,
188451,36614,166220,,,
188452,36614,130119,,,
188454,36614,135997,,,
188455,36614,124602,,,
188456,36614,127928,,,
188457,36614,125619,,,
188458,36614,129838,,,
188459,36614,142893,,,
188461,36614,134059,,,
188462,36614,129834,,,
188463,36614,144552,,,
188464,36614,114724,,,
188465,36614,162082,,,
188466,36614,134814,,,
188468,36614,103323,,,
188469,36614,162069,,,
188470,36614,147350,,,
188471,36614,141205,,,
188472,36614,132881,,,
188473,36614,162959,,,
188475,36614,133379,,,
188476,36587,156316,,,
188477,36587,104249,,,
188478,36587,162072,,,
188479,36587,103829,,,
188480,36587,164850,,,
188482,36587,154928,,,
188483,36587,154922,,,
188484,36587,108508,,,
188485,36587,106698,,,
188486,36587,106469,,,
188487,36587,139588,,,
188489,36587,133634,,,
188490,36587,142753,,,
188491,36587,107132,,,
188492,36648,186487,,,
188493,36648,186484,,,
188494,36649,181242,,,
188496,36649,173043,,,
188497,36649,178162,,,
188498,36649,180718,,,
188499,36649,172525,,,
188500,36649,170475,,,
188501,36649,176617,,,
188503,36649,181214,,,
188504,36649,181213,,,
188505,36649,181210,,,
188506,36649,175578,,,
188507,36649,181204,,,
188508,36649,179158,,,
188510,36649,180686,,,
188511,36649,179664,,,
188512,36649,175570,,,
188513,36649,169425,,,
188514,36649,179662,,,
188515,36649,169423,,,
188517,36649,173516,,,
188518,36649,179659,,,
188519,36649,180679,,,
188520,36649,171463,,,
188521,36649,172486,,,
188522,36649,172485,,,
188524,36649,176575,,,
188525,36649,169920,,,
188526,36649,175038,,,
188527,36649,171966,,,
188528,36649,176572,,,
188529,36649,181178,,,
188531,36649,179129,,,
188532,36649,174515,,,
188533,36649,181158,,,
188534,36649,178093,,,
188536,36649,178091,,,
188537,36649,174506,,,
188538,36649,179112,,,
188540,36649,172455,,,
188541,36649,178598,,,
188542,36649,179104,,,
188543,36649,179103,,,
188544,36649,176537,,,
188545,36649,173465,,,
188547,36649,180631,,,
188548,36649,171925,,,
188549,36649,178578,,,
188550,36649,171922,,,
188551,36649,176017,,,
188552,36649,176015,,,
188554,36649,181133,,,
188555,36649,181132,,,
188556,36649,172425,,,
188557,36649,169352,,,
188558,36649,177031,,,
188559,36649,177029,,,
188561,36649,179074,,,
188562,36649,173953,,,
188563,36649,176512,,,
188564,36649,180094,,,
188565,36649,170874,,,
188566,36649,170873,,,
188568,36649,170871,,,
188569,36649,180596,,,
188570,36649,173930,,,
188571,36649,169834,,,
188572,36649,178531,,,
188573,36649,181086,,,
188575,36649,181084,,,
188576,36649,181083,,,
188577,36649,181082,,,
188578,36649,179034,,,
188579,36649,179033,,,
188580,36649,178008,,,
188582,36649,171861,,,
188583,36649,179026,,,
188584,36649,176977,,,
188585,36649,179022,,,
188586,36649,174415,,,
188587,36649,174414,,,
188589,36649,169801,,,
188590,36649,173896,,,
188591,36649,181055,,,
188592,36649,179518,,,
188593,36649,176446,,,
188594,36649,170302,,,
188596,36649,179002,,,
188597,36649,181046,,,
188598,36649,177461,,,
188599,36649,176437,,,
188600,36649,177460,,,
188601,36649,176432,,,
188603,36649,181032,,,
188604,36649,172331,,,
188605,36649,181029,,,
188606,36649,181025,,,
188607,36649,181024,,,
188608,36649,181023,,,
188610,36649,178469,,,
188611,36649,170788,,,
188612,36649,180000,,,
188613,36649,173858,,,
188614,36649,177950,,,
188615,36649,176927,,,
188617,36649,176926,,,
188618,36649,172317,,,
188619,36649,178459,,,
188620,36649,172826,,,
188621,36649,179993,,,
188622,36649,180504,,,
188624,36649,171798,,,
188625,36649,178449,,,
188626,36649,173841,,,
188627,36649,178446,,,
188628,36649,179976,,,
188629,36649,179975,,,
188631,36649,170759,,,
188632,36649,179973,,,
188633,36649,178437,,,
188634,36649,180483,,,
188635,36649,170752,,,
188636,36649,171774,,,
188638,36649,177401,,,
188639,36649,180980,,,
188640,36649,179444,,,
188641,36649,171244,,,
188643,36649,177898,,,
188644,36649,172264,,,
188645,36649,169704,,,
188647,36649,177375,,,
188648,36649,180958,,,
188649,36649,176860,,,
188650,36649,179931,,,
188651,36649,171733,,,
188652,36649,180940,,,
188654,36649,177355,,,
188655,36649,176332,,,
188656,36649,174284,,,
188657,36649,173771,,,
188658,36649,178378,,,
188659,36649,179399,,,
188661,36649,172742,,,
188662,36649,179902,,,
188663,36649,177860,,,
188664,36649,179391,,,
188665,36649,176833,,,
188666,36649,175293,,,
188668,36649,171199,,,
188669,36649,170686,,,
188670,36649,170685,,,
188671,36649,180921,,,
188673,36649,170162,,,
188674,36649,169650,,,
188675,36649,178352,,,
188676,36649,169647,,,
188677,36649,173230,,,
188678,36649,169644,,,
188679,36649,174250,,,
188680,36649,171689,,,
188682,36649,180896,,,
188683,36649,171682,,,
188684,36649,178337,,,
188685,36649,172704,,,
188686,36649,170143,,,
188687,36649,179358,,,
188689,36649,178328,,,
188690,36649,178326,,,
188691,36649,174223,,,
188692,36649,174221,,,
188693,36649,180358,,,
188694,36649,180873,,,
188696,36649,172166,,,
188697,36649,171142,,,
188698,36649,180357,,,
188699,36649,172163,,,
188700,36649,179842,,,
188701,36649,180353,,,
188703,36649,177787,,,
188704,36649,180345,,,
188705,36649,178807,,,
188706,36649,172144,,,
188707,36649,181358,,,
188708,36649,181357,,,
188710,36649,174185,,,
188711,36649,180328,,,
188712,36649,172125,,,
188713,36649,181339,,,
188714,36649,180821,,,
188715,36649,179797,,,
188717,36649,177749,,,
188718,36649,180820,,,
188719,36649,177747,,,
188720,36649,171601,,,
188721,36649,177744,,,
188722,36649,180813,,,
188724,36649,179786,,,
188725,36649,171593,,,
188726,36649,179272,,,
188727,36649,180295,,,
188728,36649,181297,,,
188729,36649,180785,,,
188731,36649,171563,,,
188732,36649,170027,,,
188733,36649,172576,,,
188734,36649,179743,,,
188735,36649,172573,,,
188736,36649,177687,,,
188738,36649,180757,,,
188739,36649,178192,,,
188740,36649,178701,,,
188741,36649,178188,,,
188742,36649,178187,,,
188743,36649,181255,,,
188745,36649,180743,,,
188746,36649,180742,,,
188747,36649,181253,,,
188748,36649,181251,,,
188750,36634,142329,,,
188751,36634,104695,,,
188752,36634,163445,,,
188754,36634,130030,,,
188755,36634,142444,,,
188756,36634,142953,,,
188757,36634,123241,,,
188758,36634,168550,,,
188759,36634,142054,,,
188761,36634,169310,,,
188762,36634,145884,,,
188763,36634,140126,,,
188764,36634,107613,,,
188765,36634,132828,,,
188766,36634,142426,,,
188768,36634,105174,,,
188769,36634,122834,,,
188770,36634,142792,,,
188771,36634,140487,,,
188772,36634,134723,,,
188773,36634,107968,,,
188775,36634,144699,,,
188776,36634,142906,,,
188777,36634,135866,,,
188778,36634,121015,,,
188779,36634,169268,,,
188780,36634,136365,,,
188782,36634,129837,,,
188783,36634,169132,,,
188784,36634,134047,,,
188785,36634,134046,,,
188786,36634,142738,,,
188787,36634,142355,,,
188789,36634,103313,,,
188790,36634,123278,,,
188791,36634,169100,,,
188792,36634,117900,,,
188793,36634,137611,,,
188794,36634,169098,,,
188796,36634,140678,,,
188797,36634,141319,,,
188798,36634,104965,,,
188799,36634,168709,,,
188800,36623,116479,,,
188801,36623,116478,,,
188803,36623,122989,,,
188804,36623,124391,,,
188805,36623,124390,,,
188806,36623,124389,,,
188807,36623,124388,,,
188808,36623,169180,,,
188810,36623,124634,,,
188811,36623,151003,,,
188812,36623,113114,,,
188813,36623,142794,,,
188814,36623,144707,,,
188815,36623,123301,,,
188817,36623,163491,,,
188818,36623,147106,,,
188819,36623,111615,,,
188820,36623,129814,,,
188821,36623,129941,,,
188822,36623,124308,,,
188824,36623,116878,,,
188825,36623,106245,,,
188826,36623,138753,,,
188827,36644,180735,,,
188828,36644,180350,,,
188829,36644,177403,,,
188831,36644,180345,,,
188832,36644,180979,,,
188833,36644,180724,,,
188834,36644,176115,,,
188835,36644,180094,,,
188836,36644,180976,,,
188838,36644,177774,,,
188839,36644,169836,,,
188840,36644,180715,,,
188841,36644,169834,,,
188842,36644,180712,,,
188843,36644,180959,,,
188845,36644,180698,,,
188846,36644,180693,,,
188847,36644,174036,,,
188848,36644,181070,,,
188849,36644,175053,,,
188850,36644,180938,,,
188852,36644,179011,,,
188853,36644,169920,,,
188854,36644,179902,,,
188855,36644,179901,,,
188857,36644,181023,,,
188858,36644,181041,,,
188859,36644,176432,,,
188861,36644,180901,,,
188862,36644,180779,,,
188863,36644,178474,,,
188864,36644,174506,,,
188865,36644,179112,,,
188866,36644,179110,,,
188868,36644,170790,,,
188869,36644,180893,,,
188870,36644,180002,,,
188871,36644,178595,,,
188872,36644,179104,,,
188873,36644,178337,,,
188875,36644,170783,,,
188876,36644,177950,,,
188877,36644,178333,,,
188878,36644,173979,,,
188879,36644,178328,,,
188880,36644,180504,,,
188882,36644,180756,,,
188883,36644,171412,,,
188884,36644,178706,,,
188885,36644,181132,,,
188886,36644,180876,,,
188887,36644,180357,,,
188889,36644,178183,,,
188890,36644,171142,,,
188891,36644,178437,,,
188892,36644,179074,,,
188893,36644,180353,,,
188894,36597,193754,,,
188896,36597,189272,,,
188897,36597,188275,,,
188898,36597,189778,,,
188899,36597,190994,,,
188900,36597,188652,,,
188901,36597,194955,,,
188903,36597,189256,,,
188904,36597,189255,,,
188905,36597,189251,,,
188906,36597,195969,,,
188907,36595,192507,,,
188908,36595,193658,,,
188910,36595,194552,,,
188911,36595,195702,,,
188912,36595,192501,,,
188913,36595,182636,,,
188914,36595,182634,,,
188915,36595,191080,,,
188917,36595,189538,,,
188918,36595,190943,,,
188919,36595,195419,,,
188920,36595,195418,,,
188921,36595,189912,,,
188922,36595,195158,,,
188924,36595,184915,,,
188925,36595,195154,,,
188926,36595,184911,,,
188927,36595,185675,,,
188928,36595,196039,,,
188929,36595,196037,,,
188931,36595,190917,,,
188932,36595,190533,,,
188933,36595,190916,,,
188934,36595,190146,,,
188935,36595,195391,,,
188936,36595,190525,,,
188938,36595,187187,,,
188939,36595,187183,,,
188940,36595,182650,,,
188941,36595,191785,,,
188942,36595,190251,,,
188943,36595,188586,,,
188945,36595,187816,,,
188946,36595,192423,,,
188947,36595,194982,,,
188948,36595,190624,,,
188949,36595,190237,,,
188950,36595,184987,,,
188952,36595,188823,,,
188953,36595,188822,,,
188954,36595,193042,,,
188955,36595,193040,,,
188956,36595,185998,,,
188957,36595,184973,,,
188959,36595,184967,,,
188960,36595,184584,,,
188961,36595,192135,,,
188962,36595,192132,,,
188964,36616,169958,,,
188965,36616,176096,,,
188966,36616,176092,,,
188968,36616,174030,,,
188969,36616,169928,,,
188970,36616,178104,,,
188971,36616,178103,,,
188972,36616,169912,,,
188973,36616,174006,,,
188975,36616,171957,,,
188976,36616,171952,,,
188977,36616,171951,,,
188978,36616,173994,,,
188979,36616,171946,,,
188980,36616,176025,,,
188982,36616,169882,,,
188983,36616,171929,,,
188984,36616,171926,,,
188985,36616,171924,,,
188986,36616,178067,,,
188987,36616,178065,,,
188989,36616,173964,,,
188990,36616,178058,,,
188991,36616,173950,,,
188992,36616,180091,,,
188993,36616,178041,,,
188994,36616,171893,,,
188996,36616,175939,,,
188997,36616,175937,,,
188998,36616,173885,,,
188999,36616,169790,,,
189000,36616,177980,,,
189001,36616,175931,,,
189003,36616,177973,,,
189004,36616,180021,,,
189005,36616,175924,,,
189006,36616,175921,,,
189007,36616,173865,,,
189008,36616,177951,,,
189010,36616,171799,,,
189011,36616,171798,,,
189012,36616,171794,,,
189013,36616,171793,,,
189014,36616,179983,,,
189015,36616,175886,,,
189017,36616,169737,,,
189018,36616,175876,,,
189019,36616,171779,,,
189020,36616,171778,,,
189021,36616,173824,,,
189022,36616,169726,,,
189024,36616,175847,,,
189025,36616,175838,,,
189026,36616,171740,,,
189027,36616,173785,,,
189028,36616,173784,,,
189029,36616,173783,,,
189031,36616,171712,,,
189032,36616,179903,,,
189033,36616,169659,,,
189034,36616,169650,,,
189035,36616,169648,,,
189036,36616,169644,,,
189038,36616,169613,,,
189039,36616,175746,,,
189040,36616,179828,,,
189041,36616,179825,,,
189042,36616,171632,,,
189043,36616,179821,,,
189045,36616,169574,,,
189046,36616,169571,,,
189047,36616,179803,,,
189048,36616,179797,,,
189049,36616,177737,,,
189050,36616,175672,,,
189052,36616,179749,,,
189053,36616,179724,,,
189054,36616,171527,,,
189055,36616,175615,,,
189056,36616,175608,,,
189057,36616,179686,,,
189059,36616,179679,,,
189060,36616,179678,,,
189061,36616,179674,,,
189062,36616,175578,,,
189063,36616,175570,,,
189064,36616,179659,,,
189066,36616,179656,,,
189067,36616,177589,,,
189068,36616,177588,,,
189069,36616,177586,,,
189071,36616,177575,,,
189072,36616,169383,,,
189073,36616,179603,,,
189075,36616,169352,,,
189076,36616,169344,,,
189077,36616,177535,,,
189078,36616,179577,,,
189079,36616,173426,,,
189080,36616,169324,,,
189082,36616,177500,,,
189083,36616,177463,,,
189084,36616,177439,,,
189085,36616,179481,,,
189086,36616,179480,,,
189087,36616,179478,,,
189089,36616,171263,,,
189090,36616,171260,,,
189091,36616,177400,,,
189092,36616,179447,,,
189093,36616,179446,,,
189094,36616,179444,,,
189096,36616,179422,,,
189097,36616,175325,,,
189098,36616,179418,,,
189099,36616,173271,,,
189100,36616,173263,,,
189101,36616,179391,,,
189103,36616,179358,,,
189104,36616,177307,,,
189105,36616,171155,,,
189106,36616,179333,,,
189107,36616,179331,,,
189108,36616,179329,,,
189110,36616,181358,,,
189111,36616,181357,,,
189112,36616,181346,,,
189113,36616,181339,,,
189114,36616,175181,,,
189115,36616,179276,,,
189117,36616,181314,,,
189118,36616,177217,,,
189119,36616,173089,,,
189120,36616,179225,,,
189121,36616,181271,,,
189122,36616,177167,,,
189124,36616,171017,,,
189125,36616,181254,,,
189126,36616,175106,,,
189127,36616,173043,,,
189128,36616,170991,,,
189129,36616,173033,,,
189131,36616,175074,,,
189132,36616,173020,,,
189133,36616,170962,,,
189134,36616,181195,,,
189135,36616,181193,,,
189136,36616,177090,,,
189138,36616,172988,,,
189139,36616,179129,,,
189140,36616,179127,,,
189141,36616,179126,,,
189142,36616,179123,,,
189143,36616,172972,,,
189145,36616,179110,,,
189146,36616,179106,,,
189147,36616,179105,,,
189148,36616,179104,,,
189149,36616,179098,,,
189150,36616,179097,,,
189152,36616,179080,,,
189153,36616,177031,,,
189154,36616,179077,,,
189155,36616,177029,,,
189156,36616,181122,,,
189157,36616,170878,,,
189159,36616,174962,,,
189160,36616,181086,,,
189161,36616,181085,,,
189162,36616,179035,,,
189163,36616,179018,,,
189164,36616,179016,,,
189166,36616,179011,,,
189167,36616,170813,,,
189168,36616,179001,,,
189169,36616,179000,,,
189170,36616,178998,,,
189171,36616,170793,,,
189173,36616,170791,,,
189174,36616,170785,,,
189175,36616,176927,,,
189176,36616,172826,,,
189178,36616,181007,,,
189179,36616,181004,,,
189180,36616,180988,,,
189182,36616,172772,,,
189183,36616,178906,,,
189184,36616,176856,,,
189185,36616,176855,,,
189186,36616,180940,,,
189187,36616,176834,,,
189189,36616,172698,,,
189190,36616,172696,,,
189191,36616,180876,,,
189192,36616,174732,,,
189193,36616,172677,,,
189194,36616,180853,,,
189196,36616,170602,,,
189197,36616,180837,,,
189198,36616,178785,,,
189199,36616,180812,,,
189200,36616,180811,,,
189201,36616,180810,,,
189203,36616,180793,,,
189204,36616,174645,,,
189205,36616,174636,,,
189206,36616,172577,,,
189207,36616,178719,,,
189208,36616,172573,,,
189210,36616,180757,,,
189211,36616,180754,,,
189212,36616,178701,,,
189213,36616,180717,,,
189214,36616,170475,,,
189215,36616,176617,,,
189217,36616,176613,,,
189218,36616,176610,,,
189219,36616,174555,,,
189220,36616,176584,,,
189221,36616,180679,,,
189222,36616,172483,,,
189224,36616,176575,,,
189225,36616,174528,,,
189226,36616,174527,,,
189227,36616,176572,,,
189228,36616,176564,,,
189229,36616,172457,,,
189231,36616,176545,,,
189232,36616,176537,,,
189233,36616,176536,,,
189234,36616,172436,,,
189235,36616,178575,,,
189236,36616,174477,,,
189238,36616,178561,,,
189239,36616,178560,,,
189240,36616,176512,,,
189241,36616,172414,,,
189242,36616,174461,,,
189243,36616,180603,,,
189245,36616,176504,,,
189246,36616,180596,,,
189247,36616,172402,,,
189248,36616,176497,,,
189249,36616,170352,,,
189250,36616,178542,,,
189252,36616,176487,,,
189253,36616,174434,,,
189254,36616,174430,,,
189255,36616,176477,,,
189256,36616,176476,,,
189257,36616,180568,,,
189259,36616,174402,,,
189260,36616,176446,,,
189261,36616,176437,,,
189262,36616,169837,,,
189263,36616,169836,,,
189264,36616,178027,,,
189266,36616,178018,,,
189267,36616,178017,,,
189268,36616,175962,,,
189269,36616,175956,,,
189270,36616,178001,,,
189271,36616,169809,,,
189273,36616,175951,,,
189274,36616,175948,,,
189275,36616,175947,,,
189276,36616,169801,,,
189277,36616,180037,,,
189278,36616,180530,,,
189280,36616,176432,,,
189281,36616,180518,,,
189282,36616,180512,,,
189283,36616,180504,,,
189285,36616,178452,,,
189286,36616,178449,,,
189287,36616,172299,,,
189289,36616,178440,,,
189290,36616,180479,,,
189291,36616,174331,,,
189292,36616,176366,,,
189293,36616,174317,,,
189294,36616,172264,,,
189296,36616,174308,,,
189297,36616,178390,,,
189298,36616,172245,,,
189299,36616,178385,,,
189300,36616,176311,,,
189301,36616,174250,,,
189303,36616,172190,,,
189304,36616,180371,,,
189305,36616,174224,,,
189306,36616,178306,,,
189307,36616,172157,,,
189308,36616,172125,,,
189310,36616,170059,,,
189311,36616,180295,,,
189312,36616,180267,,,
189313,36616,180257,,,
189314,36616,174100,,,
189315,36616,180241,,,
189317,36616,178188,,,
189318,36616,178187,,,
189319,36616,180224,,,
189320,36609,202103,,,
189321,36609,199422,,,
189322,36609,199421,,,
189324,36609,199418,,,
189325,36609,199417,,,
189326,36609,199415,,,
189327,36609,199414,,,
189328,36609,199413,,,
189329,36609,199411,,,
189331,36609,199409,,,
189332,36609,199407,,,
189333,36609,199404,,,
189334,36609,199522,,,
189335,36609,199386,,,
189336,36609,200025,,,
189338,36609,200021,,,
189339,36609,200020,,,
189340,36609,200394,,,
189341,36609,199370,,,
189342,36609,199753,,,
189343,36609,199750,,,
189345,36609,199748,,,
189346,36609,199747,,,
189347,36609,199746,,,
189348,36609,199745,,,
189349,36609,199744,,,
189350,36609,199742,,,
189352,36609,199741,,,
189353,36609,200378,,,
189354,36609,201005,,,
189355,36609,201769,,,
189356,36609,199441,,,
189357,36609,201736,,,
189359,36631,130936,,,
189360,36631,116983,,,
189361,36631,123025,,,
189362,36631,116339,,,
189363,36631,105490,,,
189364,36631,123024,,,
189366,36631,105487,,,
189367,36631,135886,,,
189368,36631,141453,,,
189369,36631,135723,,,
189370,36631,105412,,,
189371,36604,130041,,,
189373,36604,108377,,,
189374,36604,108186,,,
189375,36604,130933,,,
189376,36604,103541,,,
189377,36604,106835,,,
189378,36604,108153,,,
189380,36604,108206,,,
189381,36604,108205,,,
189382,36604,126988,,,
189383,36604,108169,,,
189384,36639,184819,,,
189385,36639,184818,,,
189387,36617,165817,,,
189388,36617,142170,,,
189389,36617,105113,,,
189390,36617,160332,,,
189392,36617,144459,,,
189393,36617,144458,,,
189394,36617,141126,,,
189396,36617,142465,,,
189397,36617,141121,,,
189398,36617,160352,,,
189399,36636,176706,,,
189400,36635,163320,,,
189401,36635,127857,,,
189403,36635,126688,,,
189404,36635,104928,,,
189405,36635,106333,,,
189406,36635,126811,,,
189407,36635,106330,,,
189408,36635,126931,,,
189410,36635,126802,,,
189411,36635,126800,,,
189412,36635,126794,,,
189413,36635,126911,,,
189414,36635,134720,,,
189415,36635,152383,,,
189417,36635,127408,,,
189418,36635,127400,,,
189419,36635,131491,,,
189420,36635,132124,,,
189421,36635,163740,,,
189422,36635,126875,,,
189424,36635,142869,,,
189425,36635,106389,,,
189426,36635,127122,,,
189427,36635,128146,,,
189428,36635,126480,,,
189429,36635,166023,,,
189431,36589,186459,,,
189432,36589,186256,,,
189433,36589,192494,,,
189434,36589,192488,,,
189435,36589,192486,,,
189436,36589,191875,,,
189438,36592,106719,,,
189439,36592,107064,,,
189440,36592,137013,,,
189441,36592,120661,,,
189442,36592,131152,,,
189443,36592,130096,,,
189445,36592,131468,,,
189446,36592,130920,,,
189447,36592,118662,,,
189448,36592,118661,,,
189449,36592,107107,,,
189450,36592,130752,,,
189452,36674,169940,,,
189453,36674,174034,,,
189454,36674,180149,,,
189455,36674,180147,,,
189456,36674,178095,,,
189457,36674,173981,,,
189459,36674,180100,,,
189460,36674,178051,,,
189461,36674,178041,,,
189462,36674,180087,,,
189463,36674,171893,,,
189464,36674,169836,,,
189466,36674,171857,,,
189467,36674,169809,,,
189468,36674,169808,,,
189469,36674,169804,,,
189470,36674,169803,,,
189471,36674,169801,,,
189473,36674,177955,,,
189474,36674,180002,,,
189475,36674,179996,,,
189476,36674,171799,,,
189477,36674,171798,,,
189478,36674,179983,,,
189480,36674,175879,,,
189481,36674,171780,,,
189482,36674,173823,,,
189483,36674,171771,,,
189484,36674,173811,,,
189485,36674,173809,,,
189487,36674,171742,,,
189488,36674,173785,,,
189489,36674,173784,,,
189490,36674,173783,,,
189491,36674,171712,,,
189492,36674,179903,,,
189494,36674,169650,,,
189495,36674,169644,,,
189496,36674,175772,,,
189497,36674,179852,,,
189499,36674,173671,,,
189500,36674,179810,,,
189501,36674,173659,,,
189503,36674,173656,,,
189504,36674,179797,,,
189505,36674,173634,,,
189506,36674,179776,,,
189507,36674,175672,,,
189508,36674,171552,,,
189510,36674,173568,,,
189511,36674,173551,,,
189512,36674,173550,,,
189513,36674,179687,,,
189514,36674,179683,,,
189515,36674,169439,,,
189517,36674,175578,,,
189518,36674,169428,,,
189519,36674,179659,,,
189520,36674,177608,,,
189521,36674,173486,,,
189522,36674,169376,,,
189524,36674,179593,,,
189525,36674,169352,,,
189526,36674,173438,,,
189527,36674,179577,,,
189528,36674,177521,,,
189529,36674,169324,,,
189531,36674,173399,,,
189532,36674,173398,,,
189533,36674,179518,,,
189534,36674,173374,,,
189535,36674,173365,,,
189536,36674,179493,,,
189538,36674,177439,,,
189539,36674,179481,,,
189540,36674,179480,,,
189541,36674,179479,,,
189542,36674,177400,,,
189543,36674,179447,,,
189545,36674,179444,,,
189546,36674,177369,,,
189547,36674,179418,,,
189548,36674,179417,,,
189549,36674,173271,,,
189550,36674,173270,,,
189552,36674,175297,,,
189553,36674,171201,,,
189554,36674,175296,,,
189555,36674,171199,,,
189556,36674,179383,,,
189557,36674,173238,,,
189559,36674,173231,,,
189560,36674,179370,,,
189561,36674,179366,,,
189562,36674,173218,,,
189563,36674,173216,,,
189564,36674,179358,,,
189566,36674,173207,,,
189567,36674,173205,,,
189568,36674,173204,,,
189569,36674,179346,,,
189570,36674,173201,,,
189571,36674,177284,,,
189573,36674,173186,,,
189574,36674,179329,,,
189575,36674,173183,,,
189576,36674,173181,,,
189577,36674,173174,,,
189578,36674,181358,,,
189580,36674,181348,,,
189581,36674,181347,,,
189582,36674,181346,,,
189583,36674,181340,,,
189584,36674,181339,,,
189585,36674,181321,,,
189587,36674,179238,,,
189588,36674,175138,,,
189589,36674,181271,,,
189590,36674,173075,,,
189591,36674,173074,,,
189592,36674,179214,,,
189594,36674,179210,,,
189595,36674,171014,,,
189596,36674,175106,,,
189597,36674,177147,,,
189598,36674,170998,,,
189599,36674,173043,,,
189601,36674,173033,,,
189602,36674,173032,,,
189603,36674,181214,,,
189604,36674,173020,,,
189606,36674,172988,,,
189607,36674,179130,,,
189608,36674,179129,,,
189610,36674,179123,,,
189611,36674,172971,,,
189612,36674,181161,,,
189613,36674,179110,,,
189614,36674,172961,,,
189615,36674,179102,,,
189617,36674,177038,,,
189618,36674,172942,,,
189619,36674,170889,,,
189620,36674,170888,,,
189621,36674,177031,,,
189622,36674,177029,,,
189624,36674,174962,,,
189625,36674,181097,,,
189626,36674,174948,,,
189627,36674,181086,,,
189628,36674,180988,,,
189629,36674,180980,,,
189631,36674,172768,,,
189632,36674,180956,,,
189633,36674,176856,,,
189634,36674,176855,,,
189635,36674,172758,,,
189636,36674,170708,,,
189638,36674,180940,,,
189639,36674,178891,,,
189640,36674,180910,,,
189641,36674,172714,,,
189642,36674,172712,,,
189643,36674,172708,,,
189645,36674,172703,,,
189646,36674,172702,,,
189647,36674,180876,,,
189648,36674,172682,,,
189649,36674,170616,,,
189650,36674,180853,,,
189652,36674,176746,,,
189653,36674,178790,,,
189654,36674,176731,,,
189655,36674,176723,,,
189656,36674,178768,,,
189657,36674,178765,,,
189659,36674,172605,,,
189660,36674,178745,,,
189661,36674,178742,,,
189662,36674,178728,,,
189663,36674,172584,,,
189664,36674,178725,,,
189666,36674,180771,,,
189667,36674,172579,,,
189668,36674,172577,,,
189669,36674,178718,,,
189670,36674,172575,,,
189671,36674,178717,,,
189673,36674,180759,,,
189674,36674,180757,,,
189675,36674,180756,,,
189676,36674,180755,,,
189677,36674,178701,,,
189678,36674,180741,,,
189680,36674,178679,,,
189681,36674,174579,,,
189682,36674,174578,,,
189683,36674,174577,,,
189684,36674,170475,,,
189685,36674,180715,,,
189687,36674,176615,,,
189688,36674,172502,,,
189689,36674,180693,,,
189690,36674,180689,,,
189691,36674,180686,,,
189692,36674,180679,,,
189694,36674,172483,,,
189695,36674,172482,,,
189696,36674,176575,,,
189697,36674,174528,,,
189698,36674,174527,,,
189699,36674,176572,,,
189701,36674,178615,,,
189702,36674,174516,,,
189703,36674,178610,,,
189704,36674,172461,,,
189705,36674,178598,,,
189706,36674,170406,,,
189708,36674,176545,,,
189709,36674,178584,,,
189710,36674,172444,,,
189711,36674,170396,,,
189713,36674,170394,,,
189714,36674,176537,,,
189715,36674,176536,,,
189717,36674,174477,,,
189718,36674,176512,,,
189719,36674,172414,,,
189720,36674,172408,,,
189721,36674,176503,,,
189722,36674,180596,,,
189724,36674,176476,,,
189725,36674,172379,,,
189726,36674,172376,,,
189727,36674,172366,,,
189728,36674,174413,,,
189729,36674,180548,,,
189731,36674,176446,,,
189732,36674,176437,,,
189733,36674,180532,,,
189734,36674,181085,,,
189735,36674,181081,,,
189736,36674,172882,,,
189738,36674,179005,,,
189739,36674,179001,,,
189740,36674,179000,,,
189741,36674,178998,,,
189742,36674,172840,,,
189743,36674,170785,,,
189745,36674,170781,,,
189746,36674,172826,,,
189747,36674,181011,,,
189748,36674,181007,,,
189749,36674,181006,,,
189750,36674,170766,,,
189752,36674,170760,,,
189753,36674,170758,,,
189754,36674,176432,,,
189755,36674,180518,,,
189756,36674,180512,,,
189757,36674,176417,,,
189759,36674,180511,,,
189760,36674,172314,,,
189761,36674,180504,,,
189762,36674,180498,,,
189763,36674,178449,,,
189764,36674,174345,,,
189766,36674,174331,,,
189767,36674,176366,,,
189768,36674,172264,,,
189769,36674,172263,,,
189770,36674,180445,,,
189771,36674,176341,,,
189773,36674,172212,,,
189774,36674,180400,,,
189775,36674,170161,,,
189776,36674,170160,,,
189777,36674,174250,,,
189778,36674,172199,,,
189780,36674,174226,,,
189781,36674,174224,,,
189782,36674,174221,,,
189783,36674,172157,,,
189784,36674,172125,,,
189785,36674,172122,,,
189787,36674,178237,,,
189788,36674,178229,,,
189789,36674,176165,,,
189790,36674,172069,,,
189791,36674,174100,,,
189792,36674,180241,,,
189794,36674,178188,,,
189795,36674,178187,,,
189796,36703,181277,,,
189797,36703,178390,,,
189798,36703,176116,,,
189799,36703,176115,,,
189801,36703,181262,,,
189802,36703,172812,,,
189803,36703,180893,,,
189804,36703,178022,,,
189805,36703,175876,,,
189806,36703,171778,,,
189808,36721,179963,,,
189809,36721,180986,,,
189810,36721,172408,,,
189811,36721,179959,,,
189812,36721,180980,,,
189813,36721,169589,,,
189815,36721,173043,,,
189816,36721,181358,,,
189817,36721,181357,,,
189818,36721,180460,,,
189820,36721,170475,,,
189821,36721,169834,,,
189822,36721,174696,,,
189824,36721,172263,,,
189825,36721,171771,,,
189826,36721,172125,,,
189827,36721,172381,,,
189828,36721,172380,,,
189829,36721,181339,,,
189831,36721,171863,,,
189832,36721,181334,,,
189833,36721,179797,,,
189834,36721,180940,,,
189835,36721,180552,,,
189836,36721,179659,,,
189838,36721,169801,,,
189839,36721,179272,,,
189840,36721,180679,,,
189841,36721,181190,,,
189842,36721,172866,,,
189843,36721,171712,,,
189845,36721,176446,,,
189846,36721,176572,,,
189847,36721,176437,,,
189848,36721,169650,,,
189849,36721,176432,,,
189850,36721,176173,,,
189852,36721,177064,,,
189853,36721,177062,,,
189854,36721,180898,,,
189855,36721,180893,,,
189856,36721,177058,,,
189857,36721,179873,,,
189859,36721,176927,,,
189860,36721,179358,,,
189861,36721,172573,,,
189862,36721,180504,,,
189863,36721,177304,,,
189864,36721,172826,,,
189866,36721,176536,,,
189867,36721,171799,,,
189868,36721,180759,,,
189869,36721,171798,,,
189870,36721,173333,,,
189871,36721,180757,,,
189873,36721,177297,,,
189874,36721,178192,,,
189875,36721,180878,,,
189876,36721,180877,,,
189877,36721,178701,,,
189878,36721,178188,,,
189880,36721,180996,,,
189881,36721,169352,,,
189882,36721,177031,,,
189883,36721,177029,,,
189884,36721,174085,,,
189885,36721,180994,,,
189887,36721,171906,,,
189888,36721,176512,,,
189889,36711,183579,,,
189890,36711,183664,,,
189891,36711,183663,,,
189892,36711,183661,,,
189894,36673,141053,,,
189895,36673,142452,,,
189896,36673,142322,,,
189897,36673,141674,,,
189898,36673,160352,,,
189899,36673,116320,,,
189901,36673,160332,,,
189902,36673,144459,,,
189903,36673,144458,,,
189904,36673,141126,,,
189905,36673,128454,,,
189906,36673,128069,,,
189908,36673,141121,,,
189909,36673,165817,,,
189910,36673,131513,,,
189911,36673,165814,,,
189912,36673,163764,,,
189913,36673,142508,,,
189915,36673,163618,,,
189916,36673,105113,,,
189917,36673,103314,,,
189918,36673,141838,,,
189919,36673,142859,,,
189920,36673,142465,,,
189922,36694,166490,,,
189923,36694,130936,,,
189924,36694,162514,,,
189925,36694,144462,,,
189927,36694,166502,,,
189928,36694,167554,,,
189929,36676,136444,,,
189931,36676,136441,,,
189932,36676,130936,,,
189933,36676,134518,,,
189934,36676,111859,,,
189935,36676,136434,,,
189936,36676,107614,,,
189938,36676,139474,,,
189939,36676,103506,,,
189940,36676,152143,,,
189941,36676,103887,,,
189942,36676,136135,,,
189943,36676,133566,,,
189945,36676,137209,,,
189946,36676,134171,,,
189947,36676,137371,,,
189948,36676,132371,,,
189949,36676,132104,,,
189950,36676,118278,,,
189952,36713,141563,,,
189953,36713,135928,,,
189954,36713,140663,,,
189955,36713,140658,,,
189956,36713,135917,,,
189957,36713,136551,,,
189959,36713,130279,,,
189960,36713,121190,,,
189961,36713,105948,,,
189962,36713,137560,,,
189963,36713,145616,,,
189964,36713,107600,,,
189966,36713,141387,,,
189967,36713,105976,,,
189968,36713,137156,,,
189969,36713,132036,,,
189970,36713,148544,,,
189971,36713,132031,,,
189973,36713,161212,,,
189974,36713,105915,,,
189975,36713,133687,,,
189976,36713,131507,,,
189977,36713,124211,,,
189978,36713,123826,,,
189980,36713,106926,,,
189981,36713,123565,,,
189982,36713,169131,,,
189983,36713,130852,,,
189984,36713,168864,,,
189985,36713,135840,,,
189987,36713,106266,,,
189988,36713,123418,,,
189989,36713,130714,,,
189990,36713,130840,,,
189991,36713,124438,,,
189992,36713,133261,,,
189994,36713,107149,,,
189995,36713,133516,,,
189996,36713,150918,,,
189997,36713,133637,,,
189998,36713,107139,,,
189999,36713,140674,,,
190001,36700,106687,,,
190002,36700,107621,,,
190003,36699,167260,,,
190004,36699,119352,,,
190005,36699,108110,,,
190006,36699,134372,,,
190008,36699,160834,,,
190009,36664,127839,,,
190010,36664,124990,,,
190011,36664,124991,,,
190012,36664,117911,,,
190013,36664,163569,,,
190015,36664,104941,,,
190016,36664,104780,,,
190017,36664,142762,,,
190018,36664,169129,,,
190019,36664,142948,,,
190020,36664,142945,,,
190022,36664,127682,,,
190023,36664,124993,,,
190024,36664,124992,,,
190025,36716,160330,,,
190026,36685,177663,,,
190027,36685,175612,,,
190029,36685,172020,,,
190030,36685,179698,,,
190031,36685,175600,,,
190032,36685,181230,,,
190034,36685,181213,,,
190035,36685,178137,,,
190036,36685,181199,,,
190038,36685,178118,,,
190039,36685,178117,,,
190040,36685,169920,,,
190041,36685,175038,,,
190042,36685,177081,,,
190043,36685,174521,,,
190045,36685,169911,,,
190046,36685,171958,,,
190047,36685,178600,,,
190048,36685,178596,,,
190049,36685,178595,,,
190050,36685,180635,,,
190052,36685,176015,,,
190053,36685,176525,,,
190054,36685,169854,,,
190055,36685,170873,,,
190056,36685,178553,,,
190057,36685,170871,,,
190059,36685,169834,,,
190060,36685,181095,,,
190061,36685,181084,,,
190062,36685,179038,,,
190063,36685,178524,,,
190064,36685,175452,,,
190066,36685,181082,,,
190067,36685,178521,,,
190068,36685,181080,,,
190069,36685,179027,,,
190070,36685,174415,,,
190071,36685,174414,,,
190073,36685,170812,,,
190074,36685,177461,,,
190075,36685,175920,,,
190076,36685,176943,,,
190077,36685,171820,,,
190078,36685,171306,,,
190080,36685,170788,,,
190081,36685,173858,,,
190082,36685,181024,,,
190083,36685,181023,,,
190084,36685,169735,,,
190085,36685,178950,,,
190087,36685,177401,,,
190088,36685,173816,,,
190089,36685,169704,,,
190090,36685,180955,,,
190091,36685,171737,,,
190092,36685,178891,,,
190094,36685,177861,,,
190095,36685,171199,,,
190096,36685,180921,,,
190097,36685,171682,,,
190098,36685,180896,,,
190099,36685,174236,,,
190101,36685,169615,,,
190102,36685,172166,,,
190103,36685,172669,,,
190104,36685,169560,,,
190105,36685,171592,,,
190106,36685,176194,,,
190108,36685,173617,,,
190109,36685,180779,,,
190110,36685,181284,,,
190111,36685,180767,,,
190112,36685,172573,,,
190113,36685,172569,,,
190115,36685,170507,,,
190116,36685,180744,,,
190117,36685,180743,,,
190118,36685,180742,,,
190119,36685,181253,,,
190120,36657,149368,,,
190122,36657,133877,,,
190123,36657,147056,,,
190124,36657,131053,,,
190125,36657,149484,,,
190126,36657,147307,,,
190127,36657,150119,,,
190129,36657,133479,,,
190130,36657,119393,,,
190131,36657,147803,,,
190132,36657,147802,,,
190133,36657,146139,,,
190134,36657,146394,,,
190136,36657,146903,,,
190137,36657,150740,,,
190138,36657,148563,,,
190139,36657,138067,,,
190141,36657,146893,,,
190142,36657,138955,,,
190143,36657,146936,,,
190145,36657,149828,,,
190146,36657,151360,,,
190147,36657,146112,,,
190148,36657,134589,,,
190149,36657,205116,,,
190150,36657,147510,,,
190152,36657,131255,,,
190153,36657,147509,,,
190154,36657,117044,,,
190155,36657,108339,,,
190156,36657,117043,,,
190157,36657,150958,,,
190159,36657,148779,,,
190160,36657,150952,,,
190161,36657,149925,,,
190162,36657,107684,,,
190163,36657,203555,,,
190164,36657,147874,,,
190166,36657,165642,,,
190167,36657,148487,,,
190168,36657,149127,,,
190169,36701,111623,,,
190170,36701,141668,,,
190171,36701,144785,,,
190173,36720,121087,,,
190174,36720,121086,,,
190175,36720,121085,,,
190176,36720,121084,,,
190177,36720,163195,,,
190178,36720,163194,,,
190180,36720,130668,,,
190181,36720,132459,,,
190182,36720,105704,,,
190183,36720,122727,,,
190184,36720,152422,,,
190185,36720,160996,,,
190187,36720,132321,,,
190188,36720,163422,,,
190189,36720,142685,,,
190190,36720,142684,,,
190191,36720,142683,,,
190192,36720,163416,,,
190194,36720,108233,,,
190195,36720,149702,,,
190196,36720,134086,,,
190197,36720,162629,,,
190198,36720,122431,,,
190199,36720,132161,,,
190201,36720,135743,,,
190202,36720,142130,,,
190203,36720,142129,,,
190204,36720,162469,,,
190205,36720,133777,,,
190206,36720,163216,,,
190208,36720,130570,,,
190209,36720,135685,,,
190210,36720,142210,,,
190211,36720,117379,,,
190212,36720,134530,,,
190213,36720,163329,,,
190215,36672,135673,,,
190216,36672,135672,,,
190217,36672,126069,,,
190218,36672,121332,,,
190219,36672,145773,,,
190220,36672,135789,,,
190222,36672,119661,,,
190223,36672,163178,,,
190224,36672,132714,,,
190225,36672,133993,,,
190226,36672,137701,,,
190227,36672,107104,,,
190229,36672,127865,,,
190230,36672,131033,,,
190231,36672,133848,,,
190232,36672,136662,,,
190233,36672,130936,,,
190234,36672,132433,,,
190236,36672,127183,,,
190237,36672,108108,,,
190238,36672,136394,,,
190239,36672,132424,,,
190240,36672,132418,,,
190241,36672,127170,,,
190243,36672,127168,,,
190244,36672,107071,,,
190245,36672,131262,,,
190246,36672,127805,,,
190248,36672,128435,,,
190249,36672,132914,,,
190250,36672,166063,,,
190252,36672,106031,,,
190253,36672,132908,,,
190254,36672,107179,,,
190255,36672,103339,,,
190256,36672,140966,,,
190257,36672,136226,,,
190259,36672,134430,,,
190260,36672,136218,,,
190261,36672,161945,,,
190262,36672,133016,,,
190263,36672,126228,,,
190264,36672,163729,,,
190266,36672,136208,,,
190267,36672,103311,,,
190268,36672,126350,,,
190269,36672,136584,,,
190270,36672,136196,,,
190271,36672,128388,,,
190273,36672,118147,,,
190274,36708,117406,,,
190275,36708,147413,,,
190276,36708,147408,,,
190277,36708,138156,,,
190278,36708,118322,,,
190280,36708,103761,,,
190281,36708,118320,,,
190282,36708,118319,,,
190283,36708,118318,,,
190284,36708,129897,,,
190285,36708,123754,,,
190287,36708,117258,,,
190288,36708,123753,,,
190289,36708,120327,,,
190290,36708,123939,,,
190291,36663,163447,,,
190292,36663,142324,,,
190294,36663,151307,,,
190295,36663,129323,,,
190296,36663,204329,,,
190297,36663,163368,,,
190298,36663,147877,,,
190299,36663,148677,,,
190301,36663,147875,,,
190302,36663,128610,,,
190303,36722,197796,,,
190304,36656,141210,,,
190305,36656,161022,,,
190306,36656,161021,,,
190308,36656,160442,,,
190309,36656,133880,,,
190310,36656,131606,,,
190311,36656,107861,,,
190312,36656,107732,,,
190313,36656,126712,,,
190315,36656,141167,,,
190316,36656,163405,,,
190317,36656,142762,,,
190318,36656,127913,,,
190319,36656,160355,,,
190320,36656,142944,,,
190322,36679,130744,,,
190323,36679,108022,,,
190324,36679,136437,,,
190325,36679,137716,,,
190326,36679,107633,,,
190327,36679,165547,,,
190329,36679,128013,,,
190330,36679,103308,,,
190331,36679,128235,,,
190332,36679,165546,,,
190333,36679,162632,,,
190334,36679,133799,,,
190336,36679,135749,,,
190337,36679,165731,,,
190338,36679,161538,,,
190339,36679,165729,,,
190340,36724,191127,,,
190341,36724,191126,,,
190343,36724,191124,,,
190344,36724,191123,,,
190345,36724,191122,,,
190346,36724,191121,,,
190347,36724,191120,,,
190348,36724,191119,,,
190350,36723,189863,,,
190351,36723,189415,,,
190352,36723,189413,,,
190353,36723,189408,,,
190355,36723,193230,,,
190356,36723,193188,,,
190357,36723,193187,,,
190359,36723,189866,,,
190360,36723,189865,,,
190361,36723,186417,,,
190362,36723,186416,,,
190363,36723,186415,,,
190364,36723,186414,,,
190366,36723,186412,,,
190367,36723,186411,,,
190368,36723,186410,,,
190369,36723,186409,,,
190370,36723,186408,,,
190371,36723,186407,,,
190373,36723,186405,,,
190374,36723,186404,,,
190375,36723,186403,,,
190376,36723,186402,,,
190377,36723,193185,,,
190378,36718,187135,,,
190380,36718,182263,,,
190381,36718,182262,,,
190382,36718,192623,,,
190383,36718,191080,,,
190384,36718,186210,,,
190385,36718,185570,,,
190387,36718,186207,,,
190388,36718,184926,,,
190389,36718,184281,,,
190390,36718,184277,,,
190391,36718,184271,,,
190392,36718,190917,,,
190394,36718,192702,,,
190395,36718,192699,,,
190396,36718,187573,,,
190397,36718,189869,,,
190398,36718,187806,,,
190399,36718,182264,,,
190401,36718,184973,,,
190402,36718,192135,,,
190403,36718,184586,,,
190404,36718,187785,,,
190405,36718,184584,,,
190406,36718,184967,,,
190408,36718,192131,,,
190409,36718,187138,,,
190410,36718,184576,,,
190411,36677,176127,,,
190412,36677,177662,,,
190413,36677,171004,,,
190415,36677,171002,,,
190416,36677,178163,,,
190417,36677,171000,,,
190418,36677,170999,,,
190419,36677,170998,,,
190420,36677,175602,,,
190422,36677,170995,,,
190423,36677,174578,,,
190424,36677,174577,,,
190425,36677,175600,,,
190426,36677,180715,,,
190427,36677,179177,,,
190429,36677,170985,,,
190430,36677,179687,,,
190431,36677,176615,,,
190432,36677,169439,,,
190433,36677,176606,,,
190434,36677,180693,,,
190436,36677,180689,,,
190437,36677,180686,,,
190438,36677,177608,,,
190439,36677,176575,,,
190440,36677,181182,,,
190441,36677,180149,,,
190443,36677,180148,,,
190444,36677,180147,,,
190445,36677,180146,,,
190446,36677,180144,,,
190447,36677,172461,,,
190448,36677,178598,,,
190450,36677,175010,,,
190451,36677,180636,,,
190452,36677,178584,,,
190453,36677,173981,,,
190454,36677,172444,,,
190455,36677,170396,,,
190457,36677,170394,,,
190458,36677,176537,,,
190459,36677,176536,,,
190460,36677,169875,,,
190462,36677,174992,,,
190463,36677,177038,,,
190464,36677,170380,,,
190466,36677,170889,,,
190467,36677,170888,,,
190468,36677,170377,,,
190469,36677,169864,,,
190470,36677,180100,,,
190471,36677,173444,,,
190473,36677,176512,,,
190474,36677,174461,,,
190475,36677,169853,,,
190476,36677,178041,,,
190477,36677,172408,,,
190478,36677,171382,,,
190480,36677,180080,,,
190481,36677,170863,,,
190482,36677,169836,,,
190483,36677,169834,,,
190484,36677,181097,,,
190485,36677,180584,,,
190487,36677,174948,,,
190488,36677,171363,,,
190489,36677,170851,,,
190490,36677,174434,,,
190491,36677,176478,,,
190492,36677,171351,,,
190494,36677,169804,,,
190495,36677,169803,,,
190496,36677,181065,,,
190497,36677,180037,,,
190498,36677,180548,,,
190499,36677,179518,,,
190501,36677,174398,,,
190502,36677,172342,,,
190503,36677,176437,,,
190504,36677,180532,,,
190505,36677,176434,,,
190506,36677,176432,,,
190508,36677,173356,,,
190509,36677,180523,,,
190510,36677,177961,,,
190511,36677,177959,,,
190512,36677,180511,,,
190513,36677,180002,,,
190515,36677,179487,,,
190516,36677,176417,,,
190517,36677,176416,,,
190518,36677,176927,,,
190519,36677,170781,,,
190520,36677,178459,,,
190522,36677,180504,,,
190523,36677,174872,,,
190524,36677,180498,,,
190525,36677,177938,,,
190526,36677,181006,,,
190527,36677,178960,,,
190529,36677,170766,,,
190530,36677,170253,,,
190531,36677,178956,,,
190532,36677,171274,,,
190533,36677,170760,,,
190534,36677,170248,,,
190536,36677,170758,,,
190537,36677,171780,,,
190538,36677,171262,,,
190539,36677,178429,,,
190540,36677,171259,,,
190541,36677,173809,,,
190543,36677,179939,,,
190544,36677,171742,,,
190545,36677,180956,,,
190546,36677,171739,,,
190547,36677,177369,,,
190548,36677,173784,,,
190550,36677,170708,,,
190551,36677,180435,,,
190552,36677,180434,,,
190553,36677,176847,,,
190554,36677,178891,,,
190555,36677,173771,,,
190557,36677,179906,,,
190558,36677,175297,,,
190559,36677,175296,,,
190560,36677,171199,,,
190561,36677,179901,,,
190562,36677,172733,,,
190564,36677,173238,,,
190565,36677,180400,,,
190566,36677,170161,,,
190567,36677,170160,,,
190569,36677,173231,,,
190570,36677,174254,,,
190571,36677,174250,,,
190573,36677,170141,,,
190574,36677,174231,,,
190575,36677,172693,,,
190576,36677,172691,,,
190577,36677,174226,,,
190578,36677,169597,,,
190580,36677,172661,,,
190581,36677,176244,,,
190582,36677,179823,,,
190583,36677,179306,,,
190584,36677,176746,,,
190585,36677,181348,,,
190587,36677,172135,,,
190588,36677,172134,,,
190589,36677,179300,,,
190590,36677,172132,,,
190591,36677,181347,,,
190592,36677,179810,,,
190594,36677,176723,,,
190595,36677,175695,,,
190596,36677,175679,,,
190597,36677,172607,,,
190598,36677,178237,,,
190599,36677,172605,,,
190601,36677,178229,,,
190602,36677,170038,,,
190603,36677,170037,,,
190604,36677,170036,,,
190605,36677,172595,,,
190606,36677,174636,,,
190608,36677,180771,,,
190609,36677,172575,,,
190610,36677,172573,,,
190611,36677,179741,,,
190612,36677,180756,,,
190613,36677,172557,,,
190615,36677,180741,,,
190616,36677,174082,,,
190617,36677,177664,,,
190618,36670,175095,,,
190619,36670,172020,,,
190620,36670,173043,,,
190622,36670,175600,,,
190623,36670,170475,,,
190624,36670,172010,,,
190625,36670,176617,,,
190626,36670,171495,,,
190627,36670,181220,,,
190629,36670,178657,,,
190630,36670,174050,,,
190631,36670,176609,,,
190632,36670,178656,,,
190633,36670,172511,,,
190634,36670,175578,,,
190636,36670,175570,,,
190637,36670,181199,,,
190638,36670,174542,,,
190639,36670,181195,,,
190640,36670,174540,,,
190641,36670,179659,,,
190643,36670,180679,,,
190644,36670,178118,,,
190645,36670,178117,,,
190646,36670,178625,,,
190647,36670,177089,,,
190648,36670,169920,,,
190650,36670,169406,,,
190651,36670,177591,,,
190652,36670,176572,,,
190653,36670,169403,,,
190654,36670,177081,,,
190655,36670,174521,,,
190657,36670,179129,,,
190658,36670,177592,,,
190659,36670,177079,,,
190660,36670,171958,,,
190661,36670,175538,,,
190662,36670,175533,,,
190664,36670,172970,,,
190665,36670,169386,,,
190666,36670,169385,,,
190667,36670,178600,,,
190668,36670,178596,,,
190669,36670,177572,,,
190671,36670,176541,,,
190672,36670,176540,,,
190673,36670,177048,,,
190674,36670,176537,,,
190676,36670,177047,,,
190677,36670,177045,,,
190678,36670,177043,,,
190680,36670,169362,,,
190681,36670,176528,,,
190682,36670,177038,,,
190683,36670,176525,,,
190684,36670,169352,,,
190685,36670,177031,,,
190687,36670,176512,,,
190688,36670,177020,,,
190689,36670,172408,,,
190690,36670,180596,,,
190691,36670,172909,,,
190692,36670,172908,,,
190694,36670,171884,,,
190695,36670,169837,,,
190696,36670,169836,,,
190697,36670,172906,,,
190698,36670,169834,,,
190699,36670,177513,,,
190701,36670,179038,,,
190702,36670,179035,,,
190703,36670,175452,,,
190704,36670,178011,,,
190705,36670,179027,,,
190706,36670,172878,,,
190708,36670,169801,,,
190709,36670,179016,,,
190710,36670,179014,,,
190711,36670,179011,,,
190712,36670,176446,,,
190713,36670,170812,,,
190715,36670,176437,,,
190716,36670,175410,,,
190717,36670,176432,,,
190718,36670,175920,,,
190719,36670,176943,,,
190720,36670,171310,,,
190722,36670,171820,,,
190723,36670,175402,,,
190724,36670,176927,,,
190725,36670,175388,,,
190726,36670,172826,,,
190727,36670,180504,,,
190729,36670,171798,,,
190730,36670,178449,,,
190731,36670,178950,,,
190732,36670,178440,,,
190733,36670,171785,,,
190734,36670,171783,,,
190736,36670,171782,,,
190737,36670,180477,,,
190738,36670,171771,,,
190739,36670,173816,,,
190740,36670,180980,,,
190741,36670,179943,,,
190743,36670,169704,,,
190744,36670,172263,,,
190745,36670,180452,,,
190746,36670,180940,,,
190747,36670,178373,,,
190748,36670,178371,,,
190750,36670,171712,,,
190751,36670,169650,,,
190752,36670,169644,,,
190753,36670,174250,,,
190754,36670,179358,,,
190755,36670,174236,,,
190757,36670,169613,,,
190758,36670,174220,,,
190759,36670,177285,,,
190760,36670,180866,,,
190761,36670,170114,,,
190762,36670,177281,,,
190764,36670,181358,,,
190765,36670,181357,,,
190766,36670,177259,,,
190767,36670,169571,,,
190768,36670,172125,,,
190769,36670,181339,,,
190771,36670,179797,,,
190772,36670,177230,,,
190773,36670,177593,,,
190774,36670,171592,,,
190775,36670,181314,,,
190776,36670,176194,,,
190778,36670,174644,,,
190779,36670,174643,,,
190780,36670,174642,,,
190781,36670,174641,,,
190783,36670,174640,,,
190784,36670,175662,,,
190785,36670,175654,,,
190787,36670,172573,,,
190788,36670,178204,,,
190789,36670,180759,,,
190790,36670,180757,,,
190791,36670,179724,,,
190792,36670,178192,,,
190794,36670,178701,,,
190795,36670,169998,,,
190796,36670,178187,,,
190797,36670,178188,,,
190798,36670,177163,,,
190799,36670,172552,,,
190801,36659,187319,,,
190802,36659,181855,,,
190803,36659,191611,,,
190804,36659,195872,,,
190805,36678,186397,,,
190806,36678,181500,,,
190808,36678,188601,,,
190809,36678,186385,,,
190810,36678,181501,,,
190811,36678,181614,,,
190812,36671,187103,,,
190813,36671,187102,,,
190815,36671,185756,,,
190816,36671,190133,,,
190817,36671,186005,,,
190818,36671,186004,,,
190819,36671,186003,,,
190820,36671,192014,,,
190822,36671,183370,,,
190823,36671,186025,,,
190824,36671,184328,,,
190825,36671,183366,,,
190826,36671,193024,,,
190827,36661,194623,,,
190829,36661,185867,,,
190830,36661,194627,,,
190831,36661,185865,,,
190832,36661,185864,,,
190833,36661,185863,,,
190834,36661,185862,,,
190836,36661,185860,,,
190837,36661,185859,,,
190838,36661,194626,,,
190839,36682,187774,,,
190840,36682,193274,,,
190841,36682,193272,,,
190843,36682,188021,,,
190844,36682,189296,,,
190845,36682,186096,,,
190846,36682,182768,,,
190847,36682,181868,,,
190848,36682,194025,,,
190850,36682,194019,,,
190851,36682,194017,,,
190852,36682,191712,,,
190853,36682,198492,,,
190854,36682,192731,,,
190855,36682,182741,,,
190857,36682,187089,,,
190858,36682,186192,,,
190859,36682,182993,,,
190860,36682,181838,,,
190861,36682,182734,,,
190862,36682,186190,,,
190864,36682,186186,,,
190865,36682,182730,,,
190866,36682,192329,,,
190867,36682,192326,,,
190868,36682,185413,,,
190869,36682,185412,,,
190871,36682,190018,,,
190872,36682,182081,,,
190873,36682,195007,,,
190874,36682,195006,,,
190875,36682,191673,,,
190876,36682,189882,,,
190878,36682,187319,,,
190879,36682,185783,,,
190880,36682,185779,,,
190881,36682,185776,,,
190882,36682,195117,,,
190883,36682,186922,,,
190885,36682,194600,,,
190886,36682,188968,,,
190887,36682,192294,,,
190888,36682,195876,,,
190890,36682,192290,,,
190891,36682,195872,,,
190892,36682,187807,,,
190894,36682,191390,,,
190895,36682,195098,,,
190896,36682,187418,,,
190897,36682,195090,,,
190898,36682,194707,,,
190899,36682,193046,,,
190901,36682,192531,,,
190902,36682,191892,,,
190903,36682,190483,,,
190904,36682,191890,,,
190905,36682,194705,,,
190906,36682,194953,,,
190908,36682,187790,,,
190909,36682,194698,,,
190910,36682,194057,,,
190911,36682,194056,,,
190912,36682,188042,,,
190913,36682,187785,,,
190915,36682,194055,,,
190916,36682,194054,,,
190917,36682,194053,,,
190918,36682,194052,,,
190919,36682,194051,,,
190920,36702,201759,,,
190922,36702,200594,,,
190923,36702,200787,,,
190924,36702,200530,,,
190925,36702,201710,,,
190926,36702,200556,,,
190927,36702,202885,,,
190929,36702,201605,,,
190930,36702,201762,,,
190931,36702,201761,,,
190932,36702,201760,,,
190933,36658,191899,,,
190934,36658,193209,,,
190936,36658,181933,,,
190937,36658,181700,,,
190938,36658,181474,,,
190939,36693,163767,,,
190940,36693,137973,,,
190941,36693,137970,,,
190943,36693,137964,,,
190944,36693,107523,,,
190945,36693,130913,,,
190946,36712,105561,,,
190947,36712,107064,,,
190948,36712,133205,,,
190950,36712,130096,,,
190951,36712,130926,,,
190952,36712,205355,,,
190953,36712,131468,,,
190954,36712,133515,,,
190955,36712,134314,,,
190957,36712,133735,,,
190958,36712,122469,,,
190959,36712,118662,,,
190960,36712,118661,,,
190961,36712,204868,,,
190962,36712,131139,,,
190964,36680,147691,,,
190965,36680,147519,,,
190966,36680,147643,,,
190967,36680,147328,,,
190968,36698,163481,,,
190969,36698,124184,,,
190971,36698,116086,,,
190972,36698,142772,,,
190973,36698,163280,,,
190974,36698,163279,,,
190975,36698,162571,,,
190976,36698,150819,,,
190978,36691,180767,,,
190979,36691,176056,,,
190980,36691,181230,,,
190981,36691,180779,,,
190982,36691,169920,,,
190983,36681,160338,,,
190985,36696,173124,,,
190986,36696,173696,,,
190987,36697,196351,,,
190988,36697,196350,,,
190989,36697,185240,,,
190990,36697,191990,,,
190992,36697,193870,,,
190993,36697,190925,,,
190994,36697,185224,,,
190995,36697,185223,,,
190997,36709,200360,,,
190998,36709,202195,,,
190999,36709,199992,,,
191001,36684,133880,,,
191002,36684,127085,,,
191003,36684,152416,,,
191004,36684,104662,,,
191005,36684,125649,,,
191006,36684,104529,,,
191008,36684,132298,,,
191009,36684,165573,,,
191010,36684,106691,,,
191011,36684,135743,,,
191012,36684,142907,,,
191013,36684,106680,,,
191015,36684,126261,,,
191016,36684,108330,,,
191017,36684,162721,,,
191018,36684,167199,,,
191019,36684,145947,,,
191020,36684,167194,,,
191022,36684,136211,,,
191023,36684,142738,,,
191024,36668,151294,,,
191025,36688,123391,,,
191026,36688,120859,,,
191027,36688,114330,,,
191029,36688,129812,,,
191030,36688,127949,,,
191031,36688,141960,,,
191032,36688,120455,,,
191033,36763,162629,,,
191034,36763,141668,,,
191036,36797,171771,,,
191037,36797,172408,,,
191038,36797,180980,,,
191039,36797,180596,,,
191040,36797,173043,,,
191041,36797,181358,,,
191043,36797,170475,,,
191044,36797,169834,,,
191045,36797,176617,,,
191046,36797,172264,,,
191047,36797,172263,,,
191048,36797,172125,,,
191050,36797,175578,,,
191051,36797,179797,,,
191052,36797,180940,,,
191053,36797,179659,,,
191054,36797,169801,,,
191055,36797,180679,,,
191057,36797,176575,,,
191058,36797,176446,,,
191059,36797,176572,,,
191060,36797,176437,,,
191061,36797,169650,,,
191062,36797,176432,,,
191064,36797,176927,,,
191065,36797,179358,,,
191066,36797,172573,,,
191067,36797,172826,,,
191068,36797,176537,,,
191069,36797,176536,,,
191071,36797,180504,,,
191072,36797,180759,,,
191073,36797,171798,,,
191074,36797,180757,,,
191075,36797,178449,,,
191076,36797,178192,,,
191078,36797,178188,,,
191079,36797,178187,,,
191080,36797,169352,,,
191081,36797,177031,,,
191082,36797,177029,,,
191083,36797,176512,,,
191085,36785,130589,,,
191086,36785,152086,,,
191087,36785,125717,,,
191088,36785,105715,,,
191089,36785,105678,,,
191090,36785,121901,,,
191092,36789,194975,,,
191093,36789,191864,,,
191094,36789,190033,,,
191095,36789,188464,,,
191096,36789,184809,,,
191097,36789,184808,,,
191099,36789,193254,,,
191100,36789,194981,,,
191101,36789,183748,,,
191102,36789,183232,,,
191104,36736,127007,,,
191105,36736,167250,,,
191106,36736,162707,,,
191108,36736,106228,,,
191109,36736,142867,,,
191110,36736,163565,,,
191111,36736,142381,,,
191112,36736,106320,,,
191113,36736,103310,,,
191115,36736,142349,,,
191116,36736,142344,,,
191117,36736,128454,,,
191118,36736,143012,,,
191119,36736,132866,,,
191120,36736,142816,,,
191122,36793,200813,,,
191123,36793,201249,,,
191124,36761,164854,,,
191125,36761,165365,,,
191126,36761,130802,,,
191127,36761,103538,,,
191129,36761,103663,,,
191130,36761,128238,,,
191131,36761,103782,,,
191132,36761,135907,,,
191133,36761,146146,,,
191134,36761,117856,,,
191136,36761,107999,,,
191137,36761,134746,,,
191138,36761,140631,,,
191139,36761,106706,,,
191140,36761,116945,,,
191141,36761,137165,,,
191143,36761,142918,,,
191144,36761,137415,,,
191145,36761,118089,,,
191146,36761,118088,,,
191147,36761,124358,,,
191148,36761,105926,,,
191150,36761,130366,,,
191151,36761,107703,,,
191152,36761,136113,,,
191153,36761,121395,,,
191154,36761,121394,,,
191155,36761,105138,,,
191157,36761,118703,,,
191158,36761,137899,,,
191159,36761,137640,,,
191160,36761,163876,,,
191161,36761,108447,,,
191162,36761,147480,,,
191164,36761,131344,,,
191165,36761,162699,,,
191166,36761,117639,,,
191167,36761,103686,,,
191168,36761,117638,,,
191169,36761,161796,,,
191171,36732,179454,,,
191172,36732,180985,,,
191173,36732,169589,,,
191174,36732,173044,,,
191175,36732,180972,,,
191176,36732,176364,,,
191178,36732,179044,,,
191179,36732,179043,,,
191180,36732,175586,,,
191181,36732,180700,,,
191182,36732,179790,,,
191183,36732,177363,,,
191185,36732,172753,,,
191186,36732,172752,,,
191187,36732,172751,,,
191188,36732,177486,,,
191189,36732,179789,,,
191190,36732,177484,,,
191192,36732,176325,,,
191193,36732,178756,,,
191194,36732,170435,,,
191195,36732,173373,,,
191196,36732,173372,,,
191197,36732,175419,,,
191199,36732,180792,,,
191200,36732,169528,,,
191201,36732,178100,,,
191202,36732,175412,,,
191203,36732,171828,,,
191204,36732,176433,,,
191206,36732,178991,,,
191207,36732,181032,,,
191208,36732,173992,,,
191209,36732,180129,,,
191211,36732,178461,,,
191212,36732,181021,,,
191213,36732,177690,,,
191215,36732,174488,,,
191216,36732,177685,,,
191217,36732,177682,,,
191218,36732,175120,,,
191219,36732,174096,,,
191220,36732,180494,,,
191222,36732,177675,,,
191223,36732,174217,,,
191224,36732,176515,,,
191225,36732,173828,,,
191226,36732,174212,,,
191227,36732,174211,,,
191229,36732,175105,,,
191230,36780,171771,,,
191231,36780,172408,,,
191232,36780,180980,,,
191233,36780,180596,,,
191234,36780,173043,,,
191236,36780,181357,,,
191237,36780,169837,,,
191238,36780,169836,,,
191239,36780,170475,,,
191240,36780,169834,,,
191241,36780,176617,,,
191243,36780,172263,,,
191244,36780,169571,,,
191245,36780,170466,,,
191246,36780,172125,,,
191247,36780,181339,,,
191248,36780,179035,,,
191250,36780,174296,,,
191251,36780,179797,,,
191252,36780,174294,,,
191253,36780,174293,,,
191254,36780,175570,,,
191255,36780,174288,,,
191257,36780,180940,,,
191258,36780,179659,,,
191259,36780,181193,,,
191260,36780,169801,,,
191261,36780,179016,,,
191262,36780,180679,,,
191264,36780,179011,,,
191265,36780,181314,,,
191266,36780,171712,,,
191267,36780,176575,,,
191268,36780,176446,,,
191269,36780,176572,,,
191271,36780,179129,,,
191272,36780,176437,,,
191273,36780,169650,,,
191274,36780,176432,,,
191275,36780,174253,,,
191276,36780,169644,,,
191278,36780,178595,,,
191279,36780,177059,,,
191280,36780,176927,,,
191281,36780,179358,,,
191282,36780,172573,,,
191283,36780,172826,,,
191285,36780,176536,,,
191286,36780,171799,,,
191287,36780,180504,,,
191288,36780,180759,,,
191289,36780,171798,,,
191290,36780,180757,,,
191292,36780,178701,,,
191293,36780,178449,,,
191294,36780,178192,,,
191295,36780,169615,,,
191296,36780,174350,,,
191297,36780,169613,,,
191299,36780,178187,,,
191300,36780,169352,,,
191301,36780,177031,,,
191302,36780,177029,,,
191303,36780,176512,,,
191304,36740,164854,,,
191306,36740,165365,,,
191307,36740,130802,,,
191308,36740,103538,,,
191309,36740,162801,,,
191310,36740,128238,,,
191311,36740,103782,,,
191313,36740,120674,,,
191314,36740,107999,,,
191315,36740,117856,,,
191316,36740,117855,,,
191318,36740,117723,,,
191319,36740,117722,,,
191320,36740,117721,,,
191322,36740,106706,,,
191323,36740,138705,,,
191324,36740,144584,,,
191325,36740,118089,,,
191326,36740,118088,,,
191327,36740,137415,,,
191329,36740,117947,,,
191330,36740,105138,,,
191331,36740,118833,,,
191332,36740,121775,,,
191333,36740,121774,,,
191334,36740,137899,,,
191336,36740,108447,,,
191337,36740,147480,,,
191338,36740,144664,,,
191339,36740,104726,,,
191340,36740,144912,,,
191341,36740,131344,,,
191343,36740,162699,,,
191344,36740,117639,,,
191345,36740,117638,,,
191346,36794,177147,,,
191347,36794,178679,,,
191348,36794,170998,,,
191350,36794,173043,,,
191351,36794,174578,,,
191352,36794,174577,,,
191353,36794,173551,,,
191354,36794,173550,,,
191355,36794,170475,,,
191357,36794,169439,,,
191358,36794,173020,,,
191359,36794,175578,,,
191360,36794,169940,,,
191361,36794,180689,,,
191362,36794,179659,,,
191364,36794,180679,,,
191365,36794,172486,,,
191366,36794,177090,,,
191367,36794,176575,,,
191368,36794,174528,,,
191369,36794,174527,,,
191371,36794,178615,,,
191372,36794,180149,,,
191373,36794,174516,,,
191374,36794,180147,,,
191375,36794,178610,,,
191376,36794,178095,,,
191378,36794,181161,,,
191379,36794,170406,,,
191380,36794,178584,,,
191381,36794,173981,,,
191382,36794,172444,,,
191383,36794,170396,,,
191385,36794,170394,,,
191386,36794,176537,,,
191387,36794,176536,,,
191388,36794,172436,,,
191389,36794,170897,,,
191390,36794,174477,,,
191392,36794,170888,,,
191393,36794,169352,,,
191394,36794,177031,,,
191395,36794,177029,,,
191396,36794,180100,,,
191397,36794,178051,,,
191399,36794,176512,,,
191400,36794,173438,,,
191401,36794,178041,,,
191402,36794,172408,,,
191403,36794,176503,,,
191404,36794,171893,,,
191406,36794,174962,,,
191407,36794,169324,,,
191408,36794,169834,,,
191409,36794,174948,,,
191410,36794,181086,,,
191411,36794,181085,,,
191413,36794,173399,,,
191414,36794,173398,,,
191415,36794,172882,,,
191416,36794,171857,,,
191417,36794,172366,,,
191418,36794,169804,,,
191420,36794,169801,,,
191421,36794,180548,,,
191422,36794,179011,,,
191423,36794,179518,,,
191425,36794,173374,,,
191426,36794,179005,,,
191427,36794,180027,,,
191429,36794,173365,,,
191430,36794,180532,,,
191431,36794,176432,,,
191432,36794,172840,,,
191433,36794,179487,,,
191434,36794,177955,,,
191436,36794,176417,,,
191437,36794,176416,,,
191438,36794,176927,,,
191439,36794,170781,,,
191440,36794,179996,,,
191441,36794,172826,,,
191443,36794,171799,,,
191444,36794,171798,,,
191445,36794,181011,,,
191446,36794,181007,,,
191447,36794,180498,,,
191448,36794,178449,,,
191450,36794,179983,,,
191451,36794,170766,,,
191452,36794,181005,,,
191453,36794,170760,,,
191454,36794,178439,,,
191455,36794,170758,,,
191457,36794,180988,,,
191458,36794,171771,,,
191459,36794,180980,,,
191460,36794,173811,,,
191461,36794,176366,,,
191462,36794,172264,,,
191464,36794,172772,,,
191465,36794,179939,,,
191466,36794,172768,,,
191467,36794,171742,,,
191468,36794,180956,,,
191469,36794,179418,,,
191471,36794,173270,,,
191472,36794,172245,,,
191473,36794,180940,,,
191474,36794,175813,,,
191475,36794,175812,,,
191476,36794,179391,,,
191478,36794,175296,,,
191479,36794,171712,,,
191480,36794,171199,,,
191481,36794,173238,,,
191482,36794,179380,,,
191483,36794,180400,,,
191485,36794,170161,,,
191486,36794,170160,,,
191487,36794,173231,,,
191488,36794,180397,,,
191489,36794,169644,,,
191490,36794,172199,,,
191492,36794,175772,,,
191493,36794,173207,,,
191494,36794,174230,,,
191495,36794,179346,,,
191496,36794,174226,,,
191497,36794,174224,,,
191499,36794,180876,,,
191500,36794,177284,,,
191501,36794,179331,,,
191502,36794,173186,,,
191503,36794,179329,,,
191504,36794,173183,,,
191506,36794,170616,,,
191507,36794,173174,,,
191508,36794,180853,,,
191509,36794,181358,,,
191510,36794,181357,,,
191511,36794,177773,,,
191513,36794,178790,,,
191514,36794,181348,,,
191515,36794,181347,,,
191516,36794,181346,,,
191517,36794,179810,,,
191518,36794,181339,,,
191520,36794,176731,,,
191521,36794,173659,,,
191522,36794,172122,,,
191523,36794,177752,,,
191524,36794,179797,,,
191525,36794,178768,,,
191527,36794,180295,,,
191528,36794,172607,,,
191529,36794,178237,,,
191530,36794,172605,,,
191532,36794,178742,,,
191533,36794,178229,,,
191534,36794,178728,,,
191536,36794,176165,,,
191537,36794,172069,,,
191538,36794,180771,,,
191539,36794,175138,,,
191540,36794,171552,,,
191541,36794,178718,,,
191543,36794,178717,,,
191544,36794,180759,,,
191545,36794,181271,,,
191546,36794,180757,,,
191547,36794,174100,,,
191548,36794,180241,,,
191550,36794,178701,,,
191551,36794,178188,,,
191552,36794,178187,,,
191553,36794,171014,,,
191554,36794,175106,,,
191555,36794,173568,,,
191557,36801,121340,,,
191558,36801,142843,,,
191559,36801,161010,,,
191560,36801,133364,,,
191561,36801,106228,,,
191562,36801,135667,,,
191564,36801,103793,,,
191565,36801,104686,,,
191566,36801,130541,,,
191567,36801,130028,,,
191568,36801,142950,,,
191569,36801,124263,,,
191571,36801,108001,,,
191572,36801,107616,,,
191573,36801,134621,,,
191574,36801,132828,,,
191575,36801,134746,,,
191576,36801,120409,,,
191578,36801,105724,,,
191579,36801,120406,,,
191580,36801,107606,,,
191581,36801,130389,,,
191582,36801,107603,,,
191583,36801,107602,,,
191585,36801,116945,,,
191586,36801,169293,,,
191587,36801,142287,,,
191588,36801,142286,,,
191589,36801,137165,,,
191590,36801,123080,,,
191592,36801,124358,,,
191593,36801,130880,,,
191594,36801,142780,,,
191595,36801,142525,,,
191596,36801,142524,,,
191597,36801,120380,,,
191599,36801,163512,,,
191600,36801,126135,,,
191601,36801,107703,,,
191602,36801,142773,,,
191603,36801,165812,,,
191604,36801,142637,,,
191606,36801,136113,,,
191607,36801,120367,,,
191608,36801,118703,,,
191609,36801,142381,,,
191610,36801,133293,,,
191611,36801,134950,,,
191613,36801,163876,,,
191614,36801,137123,,,
191615,36801,108447,,,
191616,36801,133405,,,
191617,36801,142877,,,
191618,36801,103316,,,
191620,36801,133135,,,
191621,36801,204808,,,
191622,36801,105613,,,
191623,36801,163596,,,
191624,36801,163594,,,
191625,36801,163593,,,
191627,36801,119048,,,
191628,36801,117639,,,
191629,36801,132869,,,
191630,36767,149887,,,
191631,36767,147519,,,
191632,36767,147643,,,
191634,36767,141668,,,
191635,36767,147328,,,
191636,36729,119679,,,
191637,36729,119678,,,
191639,36729,204539,,,
191640,36729,204538,,,
191641,36729,137977,,,
191643,36729,121587,,,
191644,36729,126060,,,
191645,36729,134763,,,
191646,36729,134761,,,
191647,36729,103653,,,
191648,36729,117092,,,
191650,36729,117090,,,
191651,36729,117089,,,
191652,36729,144606,,,
191653,36729,133596,,,
191654,36729,131292,,,
191655,36729,165336,,,
191657,36729,105553,,,
191658,36729,127952,,,
191659,36729,165710,,,
191660,36729,103758,,,
191661,36729,203645,,,
191662,36729,142408,,,
191664,36729,204608,,,
191665,36729,144830,,,
191666,36729,104827,,,
191667,36729,162737,,,
191668,36729,145074,,,
191669,36729,130354,,,
191671,36729,119473,,,
191672,36729,163375,,,
191673,36729,162733,,,
191674,36729,124205,,,
191675,36729,161580,,,
191676,36729,145193,,,
191678,36729,163360,,,
191679,36729,165278,,,
191680,36729,163088,,,
191681,36729,119677,,,
191682,36729,120583,,,
191683,36729,120581,,,
191685,36729,131201,,,
191686,36772,169584,,,
191687,36772,177990,,,
191688,36772,169344,,,
191689,36772,169364,,,
191690,36772,169450,,,
191692,36772,169526,,,
191693,36772,169571,,,
191694,36772,169574,,,
191695,36772,169613,,,
191696,36772,169615,,,
191697,36772,169647,,,
191699,36772,169726,,,
191700,36772,169728,,,
191701,36772,169808,,,
191702,36772,169809,,,
191703,36772,169834,,,
191704,36772,169836,,,
191706,36772,169864,,,
191707,36772,169870,,,
191708,36772,169912,,,
191709,36772,169913,,,
191710,36772,169928,,,
191711,36772,170169,,,
191713,36772,170183,,,
191714,36772,170184,,,
191715,36772,170254,,,
191716,36772,170434,,,
191717,36772,170529,,,
191718,36772,170708,,,
191720,36772,170785,,,
191721,36772,170791,,,
191722,36772,170792,,,
191723,36772,170793,,,
191724,36772,170813,,,
191725,36772,170823,,,
191727,36772,170844,,,
191728,36772,170871,,,
191729,36772,170874,,,
191730,36772,170878,,,
191731,36772,170892,,,
191732,36772,171017,,,
191734,36772,171105,,,
191735,36772,171107,,,
191736,36772,171142,,,
191737,36772,171163,,,
191738,36772,171172,,,
191739,36772,171184,,,
191741,36772,171190,,,
191742,36772,171191,,,
191743,36772,171200,,,
191744,36772,171325,,,
191746,36772,171363,,,
191747,36772,171398,,,
191748,36772,171463,,,
191750,36772,171633,,,
191751,36772,171660,,,
191752,36772,171683,,,
191753,36772,171730,,,
191754,36772,171773,,,
191755,36772,171781,,,
191757,36772,171794,,,
191758,36772,171904,,,
191759,36772,171909,,,
191760,36772,171918,,,
191761,36772,171922,,,
191762,36772,171924,,,
191764,36772,171928,,,
191765,36772,171929,,,
191766,36772,171931,,,
191767,36772,171932,,,
191768,36772,171936,,,
191769,36772,171957,,,
191771,36772,172156,,,
191772,36772,172157,,,
191773,36772,172265,,,
191774,36772,172268,,,
191775,36772,172312,,,
191776,36772,172376,,,
191778,36772,172408,,,
191779,36772,172414,,,
191780,36772,172432,,,
191781,36772,172455,,,
191782,36772,172472,,,
191783,36772,172481,,,
191785,36772,172483,,,
191786,36772,172545,,,
191787,36772,172547,,,
191788,36772,172549,,,
191789,36772,172573,,,
191790,36772,172575,,,
191792,36772,172577,,,
191793,36772,172679,,,
191794,36772,172683,,,
191795,36772,172696,,,
191796,36772,172698,,,
191797,36772,172702,,,
191799,36772,172704,,,
191800,36772,172730,,,
191801,36772,172731,,,
191802,36772,172742,,,
191803,36772,172861,,,
191804,36772,172988,,,
191806,36772,173033,,,
191807,36772,173089,,,
191808,36772,173148,,,
191809,36772,173181,,,
191810,36772,173207,,,
191811,36772,173231,,,
191813,36772,173263,,,
191814,36772,173271,,,
191815,36772,173394,,,
191816,36772,173426,,,
191817,36772,173459,,,
191818,36772,173460,,,
191820,36772,173506,,,
191821,36772,173549,,,
191822,36772,173587,,,
191823,36772,173590,,,
191824,36772,173629,,,
191825,36772,173639,,,
191827,36772,173784,,,
191828,36772,173785,,,
191829,36772,173795,,,
191830,36772,173797,,,
191831,36772,173809,,,
191832,36772,173824,,,
191834,36772,173865,,,
191835,36772,173869,,,
191836,36772,173883,,,
191837,36772,173885,,,
191838,36772,173896,,,
191839,36772,173909,,,
191841,36772,173949,,,
191842,36772,173950,,,
191843,36772,173964,,,
191844,36772,173971,,,
191845,36772,174030,,,
191846,36772,174225,,,
191848,36772,174250,,,
191849,36772,174257,,,
191850,36772,174259,,,
191851,36772,174260,,,
191853,36772,174345,,,
191854,36772,174411,,,
191855,36772,174430,,,
191857,36772,174459,,,
191858,36772,174461,,,
191859,36772,174478,,,
191860,36772,174506,,,
191861,36772,174516,,,
191862,36772,174609,,,
191864,36772,174636,,,
191865,36772,174732,,,
191866,36772,174952,,,
191867,36772,174995,,,
191868,36772,175044,,,
191869,36772,175059,,,
191871,36772,175097,,,
191872,36772,175550,,,
191873,36772,175570,,,
191874,36772,175596,,,
191875,36772,175615,,,
191876,36772,175616,,,
191878,36772,175672,,,
191879,36772,175735,,,
191880,36772,175806,,,
191881,36772,175837,,,
191882,36772,175847,,,
191883,36772,175870,,,
191885,36772,175873,,,
191886,36772,175877,,,
191887,36772,175886,,,
191888,36772,175892,,,
191889,36772,175901,,,
191890,36772,175924,,,
191892,36772,175937,,,
191893,36772,175951,,,
191894,36772,176025,,,
191895,36772,176037,,,
191896,36772,176091,,,
191897,36772,176092,,,
191899,36772,176105,,,
191900,36772,176106,,,
191901,36772,176117,,,
191902,36772,176120,,,
191903,36772,176154,,,
191904,36772,176236,,,
191906,36772,176245,,,
191907,36772,176269,,,
191908,36772,176325,,,
191909,36772,176366,,,
191910,36772,176432,,,
191911,36772,176437,,,
191913,36772,176476,,,
191914,36772,176477,,,
191915,36772,176485,,,
191916,36772,176488,,,
191917,36772,176512,,,
191918,36772,176536,,,
191920,36772,176545,,,
191921,36772,176563,,,
191922,36772,176564,,,
191923,36772,176575,,,
191924,36772,176601,,,
191925,36772,176606,,,
191927,36772,176613,,,
191928,36772,176615,,,
191929,36772,176723,,,
191930,36772,176746,,,
191931,36772,176791,,,
191932,36772,176818,,,
191934,36772,176847,,,
191935,36772,176855,,,
191936,36772,176856,,,
191937,36772,176872,,,
191938,36772,176926,,,
191939,36772,176927,,,
191941,36772,177167,,,
191942,36772,177200,,,
191943,36772,177206,,,
191944,36772,177227,,,
191945,36772,177268,,,
191946,36772,177340,,,
191948,36772,177369,,,
191949,36772,177373,,,
191950,36772,177400,,,
191951,36772,177401,,,
191952,36772,177519,,,
191953,36772,177520,,,
191955,36772,177858,,,
191956,36772,177860,,,
191957,36772,177891,,,
191958,36772,177926,,,
191960,36772,177947,,,
191961,36772,177949,,,
191962,36772,177950,,,
191964,36772,177952,,,
191965,36772,177956,,,
191966,36772,177957,,,
191967,36772,177960,,,
191968,36772,177969,,,
191969,36772,177973,,,
191971,36772,177994,,,
191972,36772,178000,,,
191973,36772,178001,,,
191974,36772,178002,,,
191975,36772,178017,,,
191976,36772,178018,,,
191978,36772,178028,,,
191979,36772,178029,,,
191980,36772,178030,,,
191981,36772,178031,,,
191982,36772,178039,,,
191983,36772,178040,,,
191985,36772,178043,,,
191986,36772,178044,,,
191987,36772,178058,,,
191988,36772,178072,,,
191989,36772,178091,,,
191990,36772,178092,,,
191992,36772,178127,,,
191993,36772,178133,,,
191994,36772,178140,,,
191995,36772,178155,,,
191996,36772,178160,,,
191997,36772,178162,,,
191999,36772,178195,,,
192000,36772,178268,,,
192001,36772,178270,,,
192002,36772,178277,,,
192003,36772,178284,,,
192004,36772,178295,,,
192006,36772,178328,,,
192007,36772,178333,,,
192008,36772,178337,,,
192009,36772,178370,,,
192010,36772,178371,,,
192011,36772,178403,,,
192013,36772,178438,,,
192014,36772,178440,,,
192015,36772,178478,,,
192016,36772,178509,,,
192017,36772,178511,,,
192018,36772,178530,,,
192020,36772,178561,,,
192021,36772,178575,,,
192022,36772,178588,,,
192023,36772,178595,,,
192024,36772,178598,,,
192025,36772,178607,,,
192027,36772,178758,,,
192028,36772,178793,,,
192029,36772,178822,,,
192030,36772,178843,,,
192031,36772,178844,,,
192032,36772,178891,,,
192034,36772,179000,,,
192035,36772,179001,,,
192036,36772,179011,,,
192037,36772,179014,,,
192038,36772,179016,,,
192039,36772,179030,,,
192041,36772,179074,,,
192042,36772,179077,,,
192043,36772,179096,,,
192044,36772,179097,,,
192045,36772,179103,,,
192046,36772,179104,,,
192048,36772,179106,,,
192049,36772,179107,,,
192050,36772,179110,,,
192051,36772,179112,,,
192052,36772,179123,,,
192053,36772,179126,,,
192055,36772,179129,,,
192056,36772,179134,,,
192057,36772,179205,,,
192058,36772,179211,,,
192059,36772,179268,,,
192060,36772,179269,,,
192062,36772,179358,,,
192063,36772,179370,,,
192064,36772,179378,,,
192065,36772,179391,,,
192067,36772,179418,,,
192068,36772,179422,,,
192069,36772,179423,,,
192071,36772,179437,,,
192072,36772,179444,,,
192073,36772,179446,,,
192074,36772,179447,,,
192075,36772,179462,,,
192076,36772,179478,,,
192078,36772,179481,,,
192079,36772,179493,,,
192080,36772,179506,,,
192081,36772,179518,,,
192082,36772,179577,,,
192083,36772,179593,,,
192085,36772,179616,,,
192086,36772,179618,,,
192087,36772,179619,,,
192088,36772,179659,,,
192089,36772,179662,,,
192090,36772,179664,,,
192092,36772,179674,,,
192093,36772,179676,,,
192094,36772,179677,,,
192095,36772,179678,,,
192096,36772,179679,,,
192097,36772,179683,,,
192099,36772,179687,,,
192100,36772,179724,,,
192101,36772,179741,,,
192102,36772,179742,,,
192103,36772,179743,,,
192104,36772,179749,,,
192106,36772,179767,,,
192107,36772,179823,,,
192108,36772,179825,,,
192109,36772,179828,,,
192110,36772,179901,,,
192111,36772,179902,,,
192113,36772,179976,,,
192114,36772,180002,,,
192115,36772,180049,,,
192116,36772,180091,,,
192117,36772,180094,,,
192118,36772,180115,,,
192120,36772,180259,,,
192121,36772,180262,,,
192122,36772,180264,,,
192123,36772,180269,,,
192124,36772,180328,,,
192125,36772,180345,,,
192127,36772,180353,,,
192128,36772,180357,,,
192129,36772,180371,,,
192130,36772,180373,,,
192131,36772,180405,,,
192132,36772,180447,,,
192134,36772,180466,,,
192135,36772,180483,,,
192136,36772,180504,,,
192137,36772,180511,,,
192138,36772,180512,,,
192139,36772,180518,,,
192141,36772,180530,,,
192142,36772,180541,,,
192143,36772,180626,,,
192144,36772,180636,,,
192145,36772,180686,,,
192146,36772,180693,,,
192148,36772,180717,,,
192149,36772,180722,,,
192150,36772,180726,,,
192151,36772,180736,,,
192152,36772,180741,,,
192153,36772,180754,,,
192155,36772,180793,,,
192156,36772,180794,,,
192157,36772,180802,,,
192158,36772,180804,,,
192159,36772,180813,,,
192160,36772,180820,,,
192162,36772,180927,,,
192163,36772,180929,,,
192164,36772,180937,,,
192165,36772,180952,,,
192166,36772,180958,,,
192167,36772,181004,,,
192169,36772,181024,,,
192170,36772,181025,,,
192171,36772,181029,,,
192172,36772,181062,,,
192174,36772,181132,,,
192175,36772,181133,,,
192176,36772,181180,,,
192178,36772,181195,,,
192179,36772,181196,,,
192180,36772,181214,,,
192181,36772,181216,,,
192182,36772,181217,,,
192183,36772,181251,,,
192185,36772,181255,,,
192186,36772,181275,,,
192187,36772,181294,,,
192188,36772,181314,,,
192189,36772,181340,,,
192190,36772,181365,,,
192192,36755,146876,,,
192193,36755,148185,,,
192194,36755,148914,,,
192195,36755,131053,,,
192196,36755,106410,,,
192197,36755,119304,,,
192199,36755,106372,,,
192200,36755,141668,,,
192201,36755,134368,,,
192202,36769,162046,,,
192203,36769,141949,,,
192204,36769,141946,,,
192206,36769,114036,,,
192207,36769,136401,,,
192208,36769,105073,,,
192209,36769,126734,,,
192210,36769,108109,,,
192211,36769,111661,,,
192213,36769,104392,,,
192214,36769,129830,,,
192215,36769,119622,,,
192216,36769,142373,,,
192217,36769,141668,,,
192218,36769,113090,,,
192220,36769,107168,,,
192221,36766,194552,,,
192222,36766,193658,,,
192223,36766,194517,,,
192224,36766,193654,,,
192225,36766,188823,,,
192227,36766,194516,,,
192228,36766,189300,,,
192229,36766,184915,,,
192230,36766,189296,,,
192231,36766,194509,,,
192232,36766,190533,,,
192234,36803,173004,,,
192235,36803,175965,,,
192236,36754,172029,,,
192237,36754,177147,,,
192238,36754,170998,,,
192239,36754,174579,,,
192241,36754,174577,,,
192242,36754,169960,,,
192243,36754,169439,,,
192244,36754,176603,,,
192245,36754,169940,,,
192246,36754,180689,,,
192248,36754,170956,,,
192249,36754,177608,,,
192250,36754,169403,,,
192251,36754,177592,,,
192252,36754,180149,,,
192253,36754,178101,,,
192255,36754,175538,,,
192256,36754,170930,,,
192257,36754,172461,,,
192258,36754,170925,,,
192259,36754,172459,,,
192260,36754,169386,,,
192262,36754,176541,,,
192263,36754,173981,,,
192264,36754,172444,,,
192265,36754,170396,,,
192266,36754,172443,,,
192267,36754,170394,,,
192269,36754,177047,,,
192270,36754,177044,,,
192271,36754,170897,,,
192272,36754,177038,,,
192273,36754,170889,,,
192274,36754,170888,,,
192276,36754,180100,,,
192277,36754,178051,,,
192278,36754,180607,,,
192279,36754,178041,,,
192281,36754,174450,,,
192282,36754,172398,,,
192283,36754,174948,,,
192285,36754,176480,,,
192286,36754,176479,,,
192287,36754,179540,,,
192288,36754,172877,,,
192289,36754,172876,,,
192290,36754,169804,,,
192292,36754,180548,,,
192293,36754,170814,,,
192294,36754,170810,,,
192295,36754,176951,,,
192296,36754,180532,,,
192297,36754,177965,,,
192299,36754,177959,,,
192300,36754,170277,,,
192301,36754,177955,,,
192302,36754,179487,,,
192303,36754,176417,,,
192304,36754,176416,,,
192306,36754,170781,,,
192307,36754,180498,,,
192308,36754,181006,,,
192309,36754,178446,,,
192310,36754,170766,,,
192311,36754,181005,,,
192313,36754,178439,,,
192314,36754,170758,,,
192315,36754,171780,,,
192316,36754,171775,,,
192317,36754,173300,,,
192318,36754,179435,,,
192320,36754,171742,,,
192321,36754,180956,,,
192322,36754,171739,,,
192323,36754,176341,,,
192324,36754,175824,,,
192325,36754,171728,,,
192327,36754,170698,,,
192328,36754,180417,,,
192329,36754,175297,,,
192330,36754,175296,,,
192331,36754,171199,,,
192332,36754,171707,,,
192334,36754,173238,,,
192335,36754,180400,,,
192336,36754,180399,,,
192337,36754,170161,,,
192338,36754,170160,,,
192339,36754,173231,,,
192341,36754,174247,,,
192342,36754,173216,,,
192343,36754,174739,,,
192344,36754,170639,,,
192345,36754,181389,,,
192346,36754,181387,,,
192348,36754,170633,,,
192349,36754,170632,,,
192350,36754,169606,,,
192351,36754,169605,,,
192352,36754,181380,,,
192353,36754,172667,,,
192355,36754,181348,,,
192356,36754,181347,,,
192357,36754,179810,,,
192358,36754,179803,,,
192359,36754,172607,,,
192360,36754,172605,,,
192362,36754,178229,,,
192363,36754,174133,,,
192364,36754,174122,,,
192365,36754,173609,,,
192366,36754,174120,,,
192367,36754,176165,,,
192369,36754,177163,,,
192370,36749,173695,,,
192371,36749,172923,,,
192372,36749,173751,,,
192373,36749,173748,,,
192374,36749,178416,,,
192376,36749,176546,,,
192377,36758,168390,,,
192378,36758,148949,,,
192379,36758,148950,,,
192380,36757,196028,,,
192381,36757,190842,,,
192383,36757,184602,,,
192384,36757,192678,,,
192385,36757,192677,,,
192386,36746,163965,,,
192388,36746,120088,,,
192389,36746,150615,,,
192390,36746,167761,,,
192392,36746,116368,,,
192393,36746,116019,,,
192394,36746,116018,,,
192395,36746,116017,,,
192396,36746,103696,,,
192397,36746,135982,,,
192399,36746,148680,,,
192400,36746,165670,,,
192401,36746,166625,,,
192402,36792,121596,,,
192403,36792,130936,,,
192404,36792,126069,,,
192406,36792,133102,,,
192407,36792,119661,,,
192408,36792,121324,,,
192409,36792,149483,,,
192410,36792,149482,,,
192411,36792,131294,,,
192413,36792,132433,,,
192414,36792,151246,,,
192415,36792,143567,,,
192416,36792,149326,,,
192417,36792,109770,,,
192418,36792,149315,,,
192420,36792,149310,,,
192421,36792,149314,,,
192422,36792,127170,,,
192423,36792,106945,,,
192424,36792,149312,,,
192425,36792,131262,,,
192427,36792,127805,,,
192428,36792,204220,,,
192429,36792,135992,,,
192430,36792,140467,,,
192431,36792,128435,,,
192432,36792,150567,,,
192434,36792,162721,,,
192435,36792,131233,,,
192436,36792,131102,,,
192437,36792,130964,,,
192438,36792,103311,,,
192439,36792,128388,,,
192441,36779,186878,,,
192442,36779,186877,,,
192443,36779,186876,,,
192444,36779,186875,,,
192445,36779,186874,,,
192446,36779,186873,,,
192448,36779,184823,,,
192449,36779,190449,,,
192450,36779,187363,,,
192451,36779,190945,,,
192452,36779,194565,,,
192453,36779,190425,,,
192455,36779,186328,,,
192456,36779,186327,,,
192457,36779,186326,,,
192458,36779,186325,,,
192459,36779,186324,,,
192460,36779,186323,,,
192462,36779,192452,,,
192463,36779,192448,,,
192464,36779,191932,,,
192465,36779,181695,,,
192466,36779,190909,,,
192467,36779,190908,,,
192469,36779,181691,,,
192470,36779,181689,,,
192471,36779,181687,,,
192472,36779,196019,,,
192473,36779,181682,,,
192474,36779,181681,,,
192476,36779,193451,,,
192477,36779,196007,,,
192478,36779,181671,,,
192479,36779,181670,,,
192480,36779,181667,,,
192481,36779,181666,,,
192483,36779,181660,,,
192484,36779,181659,,,
192485,36779,185753,,,
192486,36779,191380,,,
192487,36779,183181,,,
192488,36779,181651,,,
192490,36779,181649,,,
192491,36779,181648,,,
192492,36779,181647,,,
192493,36779,181646,,,
192495,36779,182155,,,
192496,36779,183688,,,
192497,36779,181640,,,
192499,36779,181638,,,
192500,36779,181637,,,
192501,36779,190338,,,
192502,36779,190333,,,
192503,36779,181631,,,
192504,36779,181630,,,
192506,36779,181628,,,
192507,36779,181627,,,
192508,36779,184700,,,
192509,36779,181626,,,
192510,36779,184698,,,
192511,36779,181625,,,
192513,36779,181623,,,
192514,36779,188275,,,
192515,36779,193391,,,
192516,36779,190317,,,
192517,36779,190316,,,
192518,36779,188268,,,
192520,36779,191330,,,
192521,36779,185685,,,
192522,36779,185684,,,
192523,36779,185683,,,
192524,36779,191815,,,
192525,36779,189248,,,
192527,36779,184121,,,
192528,36779,182571,,,
192529,36779,190238,,,
192530,36779,186140,,,
192531,36779,189721,,,
192532,36779,182548,,,
192534,36779,182014,,,
192535,36779,192249,,,
192536,36779,186604,,,
192537,36779,186603,,,
192538,36779,195802,,,
192539,36779,189656,,,
192541,36779,195785,,,
192542,36779,188607,,,
192543,36779,188606,,,
192544,36779,186548,,,
192545,36779,186546,,,
192546,36779,195214,,,
192548,36779,198281,,,
192549,36779,190084,,,
192550,36779,183936,,,
192551,36779,184946,,,
192552,36779,184945,,,
192553,36779,185964,,,
192555,36779,185963,,,
192556,36779,184932,,,
192557,36779,185955,,,
192558,36779,185948,,,
192559,36779,192087,,,
192560,36779,192086,,,
192562,36779,192084,,,
192563,36779,190037,,,
192564,36779,190036,,,
192565,36779,192083,,,
192566,36779,192082,,,
192567,36779,190029,,,
192569,36779,191559,,,
192570,36779,197186,,,
192571,36779,188981,,,
192572,36779,188975,,,
192573,36779,188974,,,
192574,36779,186918,,,
192576,36779,194079,,,
192577,36779,187421,,,
192578,36779,186902,,,
192579,36779,194576,,,
192580,36779,186384,,,
192581,36779,186892,,,
192583,36779,186890,,,
192584,36779,186379,,,
192585,36779,186889,,,
192586,36779,186377,,,
192587,36779,186888,,,
192588,36779,186887,,,
192590,36779,186885,,,
192591,36779,186884,,,
192592,36779,186883,,,
192593,36779,186882,,,
192594,36779,186881,,,
192595,36779,186880,,,
192597,36791,140598,,,
192598,36791,140597,,,
192599,36791,121042,,,
192600,36791,121041,,,
192602,36735,104383,,,
192603,36735,104280,,,
192604,36735,160982,,,
192606,36735,137133,,,
192607,36735,165419,,,
192608,36735,165417,,,
192609,36735,137192,,,
192610,36735,136321,,,
192611,36735,104225,,,
192613,36738,141668,,,
192614,36727,195580,,,
192615,36727,184825,,,
192616,36727,192504,,,
192617,36727,184823,,,
192618,36727,193014,,,
192620,36727,182256,,,
192621,36727,193007,,,
192622,36727,189418,,,
192623,36727,189417,,,
192624,36727,192478,,,
192625,36727,188367,,,
192627,36727,192454,,,
192628,36727,192453,,,
192629,36727,192452,,,
192630,36727,192451,,,
192631,36727,192450,,,
192632,36727,192449,,,
192634,36727,190914,,,
192635,36727,190913,,,
192636,36727,192448,,,
192637,36727,191932,,,
192638,36727,188347,,,
192639,36727,190906,,,
192641,36727,191925,,,
192642,36727,190900,,,
192643,36727,190897,,,
192644,36727,183216,,,
192645,36727,196007,,,
192646,36727,187813,,,
192648,36727,186275,,,
192649,36727,190369,,,
192650,36727,188820,,,
192651,36727,187284,,,
192652,36727,181651,,,
192653,36727,190863,,,
192655,36727,189323,,,
192656,36727,195465,,,
192657,36727,190854,,,
192658,36727,187782,,,
192659,36727,191875,,,
192660,36727,190850,,,
192662,36727,181626,,,
192663,36727,195961,,,
192664,36727,185185,,,
192665,36727,186202,,,
192666,36727,186200,,,
192667,36727,183126,,,
192669,36727,187206,,,
192670,36727,193347,,,
192671,36727,193344,,,
192672,36727,191796,,,
192673,36727,191794,,,
192674,36727,188722,,,
192676,36727,189743,,,
192677,36727,192805,,,
192678,36727,193314,,,
192679,36727,192803,,,
192680,36727,191778,,,
192681,36727,191773,,,
192683,36727,194841,,,
192684,36727,192790,,,
192685,36727,182548,,,
192686,36727,182546,,,
192687,36727,187661,,,
192688,36727,183564,,,
192690,36727,182535,,,
192691,36727,186627,,,
192692,36727,186626,,,
192693,36727,194815,,,
192694,36727,193279,,,
192695,36727,191229,,,
192697,36727,187133,,,
192698,36727,187132,,,
192699,36727,194810,,,
192700,36727,188660,,,
192701,36727,187115,,,
192702,36727,187114,,,
192704,36727,194280,,,
192705,36727,182503,,,
192706,36727,182502,,,
192707,36727,182501,,,
192709,36727,188642,,,
192710,36727,182496,,,
192711,36727,182495,,,
192713,36727,185563,,,
192714,36727,190676,,,
192715,36727,189635,,,
192716,36727,184001,,,
192717,36727,188607,,,
192718,36727,183992,,,
192720,36727,183983,,,
192721,36727,187565,,,
192722,36727,187563,,,
192723,36727,195752,,,
192724,36727,192166,,,
192725,36727,192165,,,
192727,36727,191137,,,
192728,36727,187547,,,
192729,36727,185490,,,
192730,36727,181902,,,
192731,36727,184971,,,
192732,36727,181899,,,
192734,36727,191107,,,
192735,36727,184963,,,
192736,36727,192128,,,
192737,36727,192127,,,
192738,36727,192125,,,
192739,36727,183419,,,
192741,36727,186992,,,
192742,36727,186991,,,
192743,36727,186990,,,
192744,36727,186989,,,
192745,36727,186988,,,
192746,36727,186985,,,
192748,36727,191077,,,
192749,36727,187475,,,
192750,36727,197201,,,
192751,36727,181841,,,
192752,36727,181840,,,
192753,36727,181839,,,
192755,36727,181837,,,
192756,36727,187468,,,
192757,36727,194634,,,
192758,36727,193599,,,
192759,36727,193594,,,
192760,36727,188981,,,
192762,36727,188974,,,
192763,36727,195628,,,
192764,36727,196136,,,
192765,36727,193576,,,
192766,36727,191015,,,
192767,36727,192033,,,
192769,36727,195604,,,
192770,36727,195603,,,
192771,36727,187924,,,
192772,36727,185364,,,
192773,36727,195602,,,
192774,36727,195601,,,
192776,36727,195599,,,
192777,36727,195598,,,
192778,36727,193038,,,
192779,36727,195597,,,
192780,36727,186888,,,
192781,36727,182278,,,
192783,36727,186884,,,
192784,36727,187907,,,
192785,36727,193026,,,
192786,36742,173240,,,
192787,36742,172221,,,
192788,36742,180570,,,
192790,36742,180568,,,
192791,36742,180566,,,
192792,36742,172888,,,
192793,36742,173552,,,
192794,36742,173040,,,
192795,36742,173231,,,
192797,36742,172841,,,
192798,36742,172840,,,
192799,36742,172838,,,
192800,36742,172934,,,
192801,36774,148732,,,
192802,36774,148731,,,
192804,36774,142583,,,
192805,36774,147443,,,
192806,36774,141167,,,
192807,36774,146922,,,
192808,36774,145260,,,
192809,36774,134635,,,
192811,36774,137193,,,
192812,36774,122984,,,
192813,36774,142949,,,
192814,36774,148190,,,
192816,36774,147669,,,
192817,36774,147667,,,
192818,36774,118995,,,
192820,36774,120273,,,
192821,36774,120272,,,
192822,36774,120271,,,
192823,36774,120270,,,
192824,36774,152269,,,
192825,36774,132556,,,
192827,36774,144456,,,
192828,36774,126792,,,
192829,36774,142278,,,
192830,36774,137412,,,
192831,36774,141123,,,
192832,36774,150079,,,
192834,36774,129722,,,
192835,36774,134457,,,
192836,36774,141946,,,
192837,36774,107958,,,
192838,36774,141877,,,
192839,36774,149038,,,
192841,36774,148256,,,
192842,36774,149023,,,
192843,36774,140958,,,
192844,36774,141050,,,
192845,36774,141210,,,
192846,36774,162071,,,
192848,36774,140568,,,
192849,36774,142359,,,
192850,36774,132618,,,
192851,36774,141960,,,
192852,36774,148741,,,
192853,36774,106755,,,
192855,36765,144893,,,
192856,36765,138491,,,
192857,36765,130936,,,
192858,36765,116593,,,
192859,36765,116592,,,
192860,36765,116591,,,
192862,36765,138477,,,
192863,36765,138725,,,
192864,36765,119525,,,
192865,36765,119522,,,
192866,36765,119521,,,
192867,36765,119520,,,
192869,36765,138299,,,
192870,36765,116274,,,
192871,36765,140976,,,
192872,36765,134823,,,
192873,36765,144802,,,
192874,36765,162462,,,
192876,36765,116633,,,
192877,36765,117399,,,
192878,36802,163125,,,
192879,36802,146148,,,
192880,36802,148771,,,
192881,36802,134540,,,
192883,36804,194939,,,
192884,36804,188282,,,
192885,36804,182647,,,
192886,36804,195573,,,
192887,36804,186100,,,
192888,36804,182644,,,
192890,36804,195176,,,
192891,36804,195545,,,
192892,36804,187225,,,
192893,36804,188249,,,
192894,36804,182612,,,
192895,36804,195531,,,
192897,36804,194756,,,
192898,36804,194753,,,
192899,36804,194750,,,
192900,36804,191419,,,
192901,36804,185403,,,
192902,36804,195385,,,
192904,36804,193178,,,
192905,36804,187023,,,
192906,36804,186635,,,
192907,36804,184325,,,
192908,36787,112821,,,
192909,36787,147324,,,
192911,36798,119679,,,
192912,36798,119678,,,
192913,36798,119677,,,
192914,36798,163573,,,
192915,36798,120727,,,
192916,36798,116118,,,
192918,36798,167603,,,
192919,36798,149933,,,
192920,36798,145193,,,
192921,36798,122473,,,
192923,36798,163203,,,
192924,36771,201039,,,
192925,36771,200916,,,
192927,36771,199809,,,
192928,36788,145773,,,
192929,36788,150745,,,
192930,36786,200701,,,
192931,36786,200699,,,
192932,36786,200061,,,
192934,36786,199658,,,
192935,36786,201447,,,
192936,36786,201825,,,
192937,36786,199650,,,
192938,36786,199649,,,
192939,36764,141310,,,
192941,36764,136694,,,
192942,36764,141300,,,
192943,36764,135668,,,
192944,36764,162803,,,
192945,36764,162797,,,
192946,36764,122346,,,
192948,36764,135655,,,
192949,36764,165349,,,
192950,36764,136676,,,
192951,36764,137693,,,
192952,36764,133085,,,
192953,36764,136667,,,
192955,36764,135630,,,
192956,36764,142785,,,
192957,36764,142782,,,
192958,36764,142781,,,
192959,36764,142780,,,
192960,36764,103865,,,
192962,36764,165810,,,
192963,36764,130981,,,
192964,36764,103842,,,
192965,36764,124818,,,
192966,36764,131473,,,
192967,36764,124815,,,
192969,36764,106887,,,
192970,36764,123773,,,
192971,36764,106869,,,
192972,36764,127860,,,
192973,36764,130914,,,
192974,36764,141150,,,
192976,36764,126282,,,
192977,36764,121674,,,
192978,36764,169275,,,
192979,36764,165692,,,
192980,36764,123709,,,
192981,36764,123708,,,
192983,36764,134454,,,
192984,36764,142641,,,
192985,36764,134452,,,
192986,36764,141107,,,
192987,36764,142640,,,
192988,36764,124209,,,
192990,36764,124207,,,
192991,36764,165677,,,
192992,36764,132394,,,
192993,36764,104227,,,
192994,36764,140574,,,
192995,36764,136478,,,
192997,36764,131353,,,
192998,36764,134936,,,
192999,36764,140556,,,
193000,36764,103692,,,
193001,36764,205061,,,
193002,36764,163590,,,
193004,36764,122117,,,
193005,36764,205060,,,
193006,36764,105724,,,
193007,36764,134394,,,
193008,36764,131322,,,
193009,36764,106232,,,
193011,36764,106228,,,
193012,36764,163568,,,
193013,36764,130796,,,
193014,36764,116971,,,
193015,36764,121577,,,
193016,36764,163554,,,
193018,36764,122080,,,
193019,36764,131292,,,
193020,36764,131270,,,
193021,36764,131269,,,
193022,36764,142531,,,
193023,36764,127169,,,
193025,36764,163510,,,
193026,36764,143021,,,
193027,36764,120491,,,
193028,36764,120490,,,
193030,36764,105628,,,
193031,36764,130203,,,
193032,36764,108181,,,
193034,36764,103571,,,
193035,36764,126079,,,
193036,36764,162933,,,
193037,36764,105584,,,
193038,36764,126063,,,
193039,36764,126058,,,
193041,36764,122466,,,
193042,36764,104031,,,
193043,36764,108126,,,
193044,36764,150614,,,
193045,36764,130640,,,
193046,36764,133710,,,
193048,36764,142923,,,
193049,36764,107593,,,
193050,36764,132160,,,
193051,36764,128064,,,
193052,36764,132155,,,
193053,36764,104502,,,
193055,36764,105010,,,
193056,36764,123943,,,
193057,36764,130080,,,
193058,36764,142870,,,
193059,36764,123413,,,
193060,36764,142871,,,
193062,36764,103445,,,
193063,36764,123412,,,
193064,36764,142867,,,
193065,36764,133135,,,
193066,36764,132100,,,
193067,36741,135669,,,
193069,36741,166758,,,
193070,36741,135650,,,
193071,36741,105440,,,
193072,36741,161119,,,
193073,36741,133826,,,
193074,36741,118591,,,
193076,36741,132920,,,
193077,36741,144568,,,
193078,36741,128312,,,
193079,36741,133415,,,
193080,36741,117032,,,
193081,36741,117031,,,
193083,36741,116126,,,
193084,36741,167828,,,
193085,36741,132631,,,
193086,36741,132630,,,
193087,36741,132629,,,
193088,36741,134932,,,
193090,36741,132616,,,
193091,36741,132613,,,
193092,36741,132608,,,
193093,36741,124417,,,
193094,36741,124416,,,
193095,36790,185656,,,
193097,36734,201885,,,
193098,36734,200347,,,
193099,36734,200849,,,
193100,36734,199883,,,
193101,36734,199622,,,
193102,36734,201888,,,
193104,36747,190367,,,
193105,36747,194300,,,
193106,36747,192376,,,
193107,36747,183228,,,
193108,36747,197547,,,
193109,36747,190377,,,
193111,36747,189828,,,
193112,36783,186750,,,
193113,36783,191479,,,
193114,36783,186739,,,
193115,36783,192882,,,
193116,36783,186863,,,
193118,36783,194654,,,
193119,36783,190815,,,
193120,36783,190814,,,
193121,36783,183769,,,
193122,36783,185176,,,
193123,36783,186457,,,
193125,36783,189142,,,
193126,36783,190799,,,
193127,36783,188743,,,
193128,36783,191813,,,
193129,36783,184641,,,
193130,36783,193341,,,
193132,36783,193336,,,
193133,36783,195127,,,
193134,36783,195125,,,
193135,36783,193692,,,
193137,36783,191149,,,
193138,36783,191146,,,
193139,36783,191145,,,
193141,36783,193567,,,
193142,36783,193565,,,
193143,36783,191523,,,
193144,36783,193177,,,
193145,36783,182049,,,
193146,36783,192029,,,
193148,36783,192027,,,
193149,36783,191513,,,
193150,36783,191515,,,
193151,36783,192026,,,
193152,36783,186777,,,
193153,36783,192025,,,
193155,36783,192023,,,
193156,36783,192022,,,
193157,36783,192021,,,
193158,36783,192020,,,
193159,36783,192019,,,
193160,36783,192018,,,
193162,36783,192016,,,
193163,36783,195727,,,
193164,36783,195726,,,
193165,36783,181644,,,
193166,36783,181641,,,
193167,36783,186757,,,
193169,36783,186754,,,
193170,36805,173719,,,
193171,36805,173756,,,
193172,36805,173720,,,
193173,36844,201341,,,
193174,36844,202103,,,
193176,36844,201460,,,
193177,36844,202855,,,
193178,36844,201281,,,
193179,36864,140668,,,
193180,36864,126420,,,
193181,36864,137202,,,
193183,36864,142064,,,
193184,36864,140526,,,
193185,36864,131018,,,
193186,36864,165602,,,
193187,36864,160770,,,
193188,36864,124480,,,
193190,36841,182014,,,
193191,36841,181629,,,
193192,36841,181628,,,
193193,36841,181627,,,
193194,36841,181626,,,
193195,36841,181625,,,
193197,36841,192759,,,
193198,36841,195592,,,
193199,36841,187635,,,
193200,36841,184946,,,
193201,36841,184945,,,
193202,36841,190317,,,
193204,36841,186604,,,
193205,36841,186603,,,
193206,36841,185964,,,
193207,36841,185963,,,
193208,36841,183177,,,
193209,36841,198281,,,
193211,36841,185948,,,
193212,36841,190042,,,
193213,36841,190425,,,
193214,36841,190680,,,
193215,36841,190679,,,
193216,36841,190037,,,
193218,36841,186323,,,
193219,36841,186322,,,
193220,36841,183176,,,
193221,36841,191559,,,
193222,36841,189066,,,
193223,36841,197186,,,
193225,36841,190909,,,
193226,36841,190908,,,
193227,36841,181692,,,
193228,36841,181691,,,
193229,36841,182398,,,
193230,36841,181689,,,
193232,36841,181687,,,
193233,36841,181682,,,
193234,36841,181681,,,
193235,36841,181680,,,
193236,36841,193451,,,
193237,36841,186923,,,
193239,36841,181631,,,
193240,36841,181671,,,
193241,36841,181670,,,
193242,36841,181630,,,
193244,36841,181667,,,
193245,36841,181666,,,
193246,36841,186140,,,
193248,36841,181659,,,
193249,36841,191635,,,
193250,36841,191632,,,
193251,36841,191380,,,
193252,36841,189068,,,
193253,36841,186258,,,
193255,36841,181650,,,
193256,36841,181649,,,
193257,36841,181648,,,
193258,36841,181647,,,
193259,36841,181646,,,
193260,36841,181645,,,
193262,36841,182155,,,
193263,36841,183174,,,
193264,36841,183173,,,
193265,36841,181640,,,
193266,36841,181639,,,
193267,36841,181638,,,
193269,36841,183172,,,
193270,36841,183171,,,
193271,36832,193215,,,
193272,36832,193213,,,
193273,36832,193212,,,
193274,36832,193211,,,
193276,36832,183926,,,
193277,36832,181723,,,
193278,36832,181721,,,
193279,36832,190280,,,
193280,36832,181724,,,
193281,36832,190275,,,
193283,36871,104827,,,
193284,36871,130936,,,
193285,36871,137201,,,
193286,36871,137200,,,
193287,36871,133608,,,
193288,36871,140118,,,
193290,36871,107728,,,
193291,36871,165703,,,
193292,36871,204608,,,
193293,36871,121665,,,
193294,36871,121664,,,
193295,36871,107060,,,
193297,36871,166060,,,
193298,36871,135721,,,
193299,36871,135836,,,
193300,36871,122652,,,
193301,36871,126363,,,
193302,36871,126361,,,
193304,36871,141965,,,
193305,36871,140937,,,
193306,36845,174071,,,
193307,36845,179698,,,
193308,36845,170480,,,
193309,36845,180715,,,
193311,36845,180195,,,
193312,36845,172514,,,
193313,36845,179680,,,
193314,36845,181213,,,
193315,36845,172505,,,
193316,36845,172504,,,
193318,36845,173014,,,
193319,36845,173013,,,
193320,36845,174036,,,
193321,36845,175059,,,
193322,36845,175058,,,
193323,36845,175052,,,
193325,36845,169923,,,
193326,36845,169920,,,
193327,36845,175038,,,
193328,36845,175033,,,
193329,36845,175030,,,
193330,36845,178093,,,
193332,36845,178091,,,
193333,36845,178089,,,
193334,36845,173996,,,
193335,36845,175528,,,
193336,36845,174506,,,
193337,36845,173992,,,
193339,36845,172455,,,
193340,36845,172966,,,
193341,36845,181158,,,
193342,36845,179110,,,
193343,36845,179104,,,
193344,36845,172961,,,
193346,36845,175519,,,
193347,36845,172446,,,
193348,36845,172445,,,
193349,36845,173979,,,
193351,36845,175506,,,
193352,36845,173969,,,
193353,36845,176015,,,
193355,36845,181132,,,
193356,36845,173961,,,
193357,36845,173960,,,
193358,36845,178054,,,
193359,36845,180098,,,
193360,36845,179074,,,
193362,36845,173951,,,
193363,36845,180094,,,
193364,36845,177530,,,
193365,36845,170873,,,
193366,36845,170871,,,
193367,36845,175475,,,
193369,36845,180581,,,
193370,36845,180580,,,
193371,36845,174949,,,
193372,36845,174948,,,
193373,36845,181084,,,
193374,36845,181083,,,
193376,36845,173401,,,
193377,36845,172375,,,
193378,36845,173398,,,
193379,36845,175438,,,
193380,36845,174415,,,
193381,36845,174414,,,
193383,36845,172361,,,
193384,36845,172360,,,
193385,36845,169800,,,
193386,36845,172358,,,
193387,36845,172357,,,
193388,36845,180036,,,
193390,36845,181056,,,
193391,36845,179008,,,
193392,36845,180026,,,
193393,36845,171833,,,
193394,36845,181046,,,
193395,36845,177461,,,
193397,36845,178477,,,
193398,36845,172330,,,
193399,36845,170794,,,
193400,36845,181029,,,
193401,36845,181025,,,
193402,36845,174372,,,
193404,36845,181024,,,
193405,36845,173858,,,
193406,36845,181023,,,
193407,36845,177950,,,
193408,36845,170783,,,
193409,36845,176926,,,
193411,36845,181020,,,
193412,36845,170258,,,
193413,36845,181007,,,
193414,36845,179976,,,
193415,36845,173831,,,
193416,36845,178437,,,
193418,36845,173826,,,
193419,36845,177401,,,
193420,36845,173815,,,
193421,36845,206068,,,
193422,36845,180979,,,
193423,36845,177395,,,
193425,36845,173798,,,
193426,36845,172773,,,
193427,36845,180959,,,
193428,36845,180958,,,
193429,36845,179932,,,
193430,36845,179409,,,
193432,36845,177355,,,
193433,36845,172747,,,
193434,36845,172233,,,
193435,36845,172742,,,
193436,36845,171199,,,
193437,36845,179902,,,
193439,36845,180921,,,
193440,36845,169647,,,
193441,36845,170154,,,
193442,36845,171175,,,
193443,36845,171172,,,
193444,36845,180896,,,
193446,36845,178337,,,
193447,36845,172704,,,
193448,36845,178333,,,
193449,36845,179354,,,
193450,36845,180888,,,
193451,36845,178328,,,
193453,36845,179853,,,
193454,36845,172166,,,
193455,36845,171142,,,
193456,36845,180357,,,
193458,36845,172675,,,
193459,36845,179842,,,
193460,36845,180353,,,
193462,36845,180350,,,
193463,36845,180345,,,
193464,36845,180852,,,
193465,36845,172660,,,
193466,36845,169585,,,
193467,36845,169584,,,
193469,36845,173164,,,
193470,36845,172648,,,
193471,36845,174692,,,
193472,36845,179298,,,
193473,36845,177246,,,
193474,36845,180821,,,
193476,36845,173140,,,
193477,36845,172623,,,
193478,36845,172617,,,
193479,36845,177223,,,
193480,36845,181313,,,
193481,36845,173629,,,
193483,36845,173626,,,
193484,36845,180790,,,
193485,36845,181297,,,
193486,36845,176170,,,
193487,36845,179112,,,
193488,36845,176674,,,
193490,36845,172576,,,
193491,36845,177690,,,
193492,36845,178200,,,
193493,36845,174616,,,
193494,36845,181272,,,
193495,36845,176143,,,
193497,36845,180744,,,
193498,36845,180743,,,
193499,36845,180742,,,
193500,36845,181253,,,
193501,36869,199421,,,
193502,36869,202103,,,
193504,36869,201330,,,
193505,36869,201328,,,
193506,36869,199889,,,
193507,36869,199888,,,
193508,36869,200394,,,
193509,36869,200393,,,
193511,36869,199530,,,
193512,36869,199529,,,
193513,36869,199528,,,
193514,36869,202855,,,
193515,36869,201382,,,
193516,36869,201381,,,
193518,36869,199840,,,
193519,36809,192085,,,
193520,36809,191156,,,
193521,36809,183331,,,
193522,36815,117471,,,
193523,36815,117470,,,
193525,36859,121233,,,
193526,36830,180220,,,
193527,36830,179035,,,
193528,36830,181306,,,
193529,36830,172213,,,
193530,36830,174314,,,
193532,36830,171592,,,
193533,36830,169820,,,
193534,36830,179365,,,
193535,36830,179363,,,
193536,36830,178596,,,
193537,36830,178595,,,
193539,36830,173088,,,
193540,36808,193979,,,
193541,36808,193978,,,
193542,36808,193977,,,
193543,36808,189265,,,
193544,36808,190222,,,
193546,36808,193996,,,
193547,36808,184043,,,
193548,36808,184042,,,
193549,36808,186437,,,
193550,36823,160606,,,
193551,36823,160443,,,
193553,36823,160403,,,
193554,36823,136884,,,
193555,36823,134163,,,
193556,36823,133875,,,
193557,36823,160530,,,
193558,36823,130896,,,
193560,36823,108303,,,
193561,36823,103534,,,
193562,36823,160523,,,
193563,36823,136328,,,
193565,36823,125158,,,
193566,36823,107235,,,
193567,36823,160416,,,
193569,36823,134080,,,
193570,36838,129812,,,
193571,36838,127949,,,
193572,36838,162721,,,
193573,36838,141442,,,
193574,36838,141441,,,
193576,36857,141929,,,
193577,36857,107621,,,
193578,36857,122335,,,
193579,36857,122334,,,
193580,36857,122333,,,
193581,36857,107987,,,
193583,36857,103875,,,
193584,36857,130741,,,
193585,36857,160308,,,
193586,36857,130737,,,
193587,36857,106925,,,
193588,36857,167335,,,
193590,36857,162709,,,
193591,36857,106260,,,
193592,36857,125714,,,
193593,36857,105618,,,
193594,36857,131217,,,
193595,36857,141967,,,
193597,36857,132867,,,
193598,36818,163583,,,
193599,36818,103325,,,
193600,36818,136859,,,
193601,36818,130266,,,
193602,36818,166260,,,
193604,36818,137685,,,
193605,36818,130996,,,
193606,36818,134225,,,
193607,36818,134704,,,
193608,36818,150892,,,
193609,36818,125803,,,
193611,36818,124837,,,
193612,36818,124836,,,
193613,36818,141668,,,
193614,36873,191654,,,
193615,36873,189002,,,
193616,36873,191922,,,
193618,36874,168379,,,
193619,36874,142170,,,
193620,36874,159702,,,
193621,36874,139414,,,
193622,36874,125712,,,
193623,36874,155789,,,
193625,36874,155786,,,
193626,36874,159817,,,
193627,36874,125704,,,
193628,36849,129215,,,
193629,36849,144631,,,
193630,36849,167382,,,
193632,36849,125355,,,
193633,36849,167363,,,
193634,36849,118468,,,
193635,36849,118467,,,
193636,36849,118466,,,
193637,36860,200669,,,
193639,36860,200787,,,
193640,36860,200594,,,
193641,36860,201745,,,
193642,36860,201605,,,
193643,36825,149819,,,
193644,36828,187135,,,
193646,36828,189654,,,
193647,36828,181552,,,
193648,36828,181551,,,
193649,36828,192264,,,
193650,36828,187747,,,
193651,36828,187746,,,
193653,36828,187136,,,
193654,36852,142137,,,
193655,36852,141974,,,
193656,36852,165450,,,
193657,36852,141962,,,
193658,36852,163592,,,
193660,36879,199372,,,
193661,36879,199371,,,
193662,36879,199370,,,
193663,36879,199559,,,
193664,36879,199558,,,
193665,36829,133625,,,
193667,36829,106485,,,
193668,36829,160756,,,
193669,36829,160755,,,
193670,36829,152050,,,
193672,36829,161260,,,
193673,36829,136867,,,
193674,36829,131048,,,
193676,36829,103400,,,
193677,36829,124387,,,
193678,36829,107494,,,
193679,36829,108517,,,
193680,36829,108516,,,
193681,36829,107491,,,
193683,36829,131033,,,
193684,36829,117207,,,
193685,36829,148437,,,
193686,36829,119251,,,
193687,36829,137167,,,
193688,36829,107472,,,
193690,36829,142794,,,
193691,36829,103880,,,
193692,36829,103367,,,
193693,36829,204742,,,
193694,36829,103365,,,
193695,36829,131012,,,
193697,36829,103356,,,
193698,36829,103353,,,
193699,36829,127922,,,
193700,36829,144809,,,
193701,36829,137127,,,
193702,36829,137125,,,
193704,36829,137121,,,
193705,36829,103327,,,
193706,36829,140698,,,
193707,36829,103834,,,
193708,36829,131475,,,
193709,36829,126354,,,
193711,36829,126350,,,
193712,36829,107917,,,
193713,36829,131468,,,
193714,36829,132483,,,
193715,36829,126857,,,
193716,36829,126856,,,
193718,36829,131463,,,
193719,36829,128762,,,
193720,36829,106232,,,
193721,36829,107256,,,
193722,36829,128759,,,
193723,36829,144626,,,
193725,36829,105715,,,
193726,36829,106226,,,
193727,36829,106225,,,
193728,36829,118511,,,
193729,36829,148206,,,
193730,36829,136940,,,
193732,36829,142565,,,
193733,36829,132835,,,
193734,36829,206559,,,
193735,36829,169181,,,
193736,36829,144607,,,
193737,36829,142559,,,
193739,36829,104157,,,
193740,36829,142556,,,
193741,36829,142555,,,
193742,36829,169176,,,
193743,36829,146137,,,
193744,36829,160984,,,
193746,36829,105682,,,
193747,36829,105680,,,
193748,36829,104656,,,
193749,36829,205005,,,
193750,36829,163018,,,
193751,36829,136394,,,
193753,36829,104641,,,
193754,36829,131261,,,
193755,36829,144571,,,
193756,36829,134331,,,
193757,36829,129722,,,
193758,36829,166067,,,
193760,36829,136375,,,
193761,36829,131251,,,
193762,36829,130228,,,
193763,36829,117426,,,
193764,36829,106675,,,
193765,36829,104114,,,
193767,36829,149671,,,
193768,36829,136878,,,
193769,36829,136876,,,
193770,36829,136868,,,
193771,36829,130732,,,
193772,36829,122539,,,
193774,36829,136866,,,
193775,36829,134310,,,
193776,36829,128167,,,
193777,36829,104102,,,
408227,48524,183711,,,
408228,48524,183012,,,
193779,36829,127652,,,
193781,36829,103586,,,
193782,36829,134304,,,
193783,36829,104606,,,
193784,36829,104092,,,
193785,36829,206492,,,
193786,36829,206491,,,
193788,36829,206489,,,
193789,36829,206488,,,
193790,36829,126615,,,
193791,36829,103574,,,
193792,36829,130708,,,
193793,36829,134292,,,
193795,36829,162962,,,
193796,36829,136849,,,
193797,36829,142479,,,
193798,36829,104079,,,
193799,36829,104078,,,
193800,36829,104077,,,
193802,36829,130698,,,
193803,36829,119945,,,
193804,36829,108169,,,
193805,36829,118919,,,
193806,36829,166022,,,
193807,36829,107139,,,
193809,36829,105603,,,
193810,36829,160896,,,
193811,36829,120960,,,
193812,36829,121468,,,
193813,36829,168572,,,
193814,36829,168571,,,
193816,36829,126582,,,
193817,36829,160403,,,
193818,36829,160881,,,
193819,36829,135793,,,
193820,36829,126060,,,
193821,36829,107627,,,
193823,36829,134245,,,
193824,36829,131462,,,
193825,36829,118661,,,
193826,36829,104080,,,
193827,36829,125828,,,
193828,36829,103299,,,
193830,36829,128384,,,
193831,36829,126847,,,
193832,36829,123773,,,
193833,36829,119165,,,
193834,36829,119164,,,
193835,36829,151927,,,
193837,36829,130934,,,
193838,36829,108406,,,
193839,36829,151918,,,
193840,36829,137066,,,
193841,36829,133482,,,
193843,36829,107370,,,
193846,36829,122726,,,
193847,36829,163162,,,
193848,36829,121691,,,
193849,36829,121690,,,
193850,36829,108378,,,
193851,36829,121689,,,
193853,36829,121687,,,
193854,36829,132437,,,
193855,36829,121685,,,
193856,36829,133456,,,
193857,36829,137038,,,
193858,36829,137036,,,
193860,36829,132424,,,
193861,36829,106818,,,
193862,36829,106300,,,
193863,36829,167736,,,
193864,36829,106808,,,
193865,36829,121143,,,
193867,36829,129841,,,
193868,36829,161578,,,
193869,36829,137514,,,
193870,36829,168745,,,
193871,36829,107816,,,
193872,36829,136996,,,
193874,36829,136473,,,
193875,36829,130841,,,
193876,36829,130840,,,
193877,36829,129816,,,
193878,36829,144658,,,
193879,36829,136978,,,
193881,36829,162574,,,
193882,36829,124687,,,
193883,36829,106254,,,
193884,36829,142603,,,
193886,36829,136967,,,
193887,36829,134407,,,
193888,36829,128773,,,
193890,36829,152318,,,
193891,36829,152317,,,
193892,36829,148731,,,
193893,36829,132859,,,
193894,36829,132858,,,
193895,36829,132857,,,
193897,36829,145507,,,
193898,36829,134243,,,
193899,36829,106589,,,
193900,36829,160398,,,
193901,36829,107087,,,
193902,36829,104527,,,
193904,36829,134221,,,
193905,36829,160332,,,
193906,36829,160331,,,
193907,36829,104519,,,
193908,36829,164932,,,
193909,36829,130627,,,
193911,36829,135742,,,
193912,36829,125500,,,
193913,36829,104507,,,
193914,36829,133178,,,
193915,36829,103987,,,
193916,36829,107052,,,
193918,36829,142371,,,
193919,36829,159776,,,
193920,36829,162844,,,
193921,36829,149529,,,
193922,36829,149530,,,
193923,36829,126489,,,
193925,36829,144917,,,
193926,36829,142356,,,
193927,36829,123920,,,
193928,36829,123919,,,
193929,36829,160780,,,
193930,36829,103435,,,
193932,36829,133637,,,
193933,36829,107009,,,
193934,36829,133635,,,
193935,36829,167937,,,
193936,36829,103425,,,
193937,36829,125440,,,
193939,36831,105582,,,
193940,36831,137962,,,
193941,36831,104682,,,
193942,36831,165864,,,
193943,36831,165332,,,
193944,36831,137042,,,
193946,36831,137040,,,
193947,36831,137038,,,
193948,36831,107214,,,
193949,36831,164034,,,
193950,36831,161599,,,
193951,36831,165310,,,
193953,36831,141223,,,
193954,36831,104102,,,
193955,36831,104097,,,
193956,36831,104096,,,
193957,36831,108443,,,
193958,36831,103450,,,
193960,36831,166022,,,
193961,36831,166019,,,
193962,36831,166018,,,
193963,36881,176125,,,
193964,36881,171386,,,
193965,36881,169465,,,
193967,36881,170228,,,
193968,36881,179825,,,
193969,36881,170224,,,
193970,36881,178154,,,
193971,36881,171363,,,
193972,36881,180956,,,
193974,36881,177236,,,
193975,36881,170325,,,
193976,36881,175827,,,
193977,36881,170323,,,
193978,36881,176081,,,
193979,36881,170193,,,
193981,36881,181322,,,
193982,36881,175942,,,
193983,36881,170053,,,
193984,36881,176196,,,
193985,36881,169538,,,
193986,36881,181439,,,
193988,36881,180536,,,
193989,36881,175038,,,
193990,36881,180535,,,
193991,36881,180532,,,
193993,36881,180234,,,
193994,36881,179894,,,
193995,36881,177207,,,
193997,36881,177334,,,
193998,36881,176053,,,
193999,36881,175412,,,
194000,36881,176051,,,
194001,36881,176050,,,
194002,36881,170030,,,
194004,36881,170667,,,
194005,36881,174762,,,
194006,36881,174761,,,
194007,36881,179367,,,
194008,36881,175777,,,
194009,36881,171425,,,
194011,36881,173851,,,
194012,36881,176411,,,
194013,36881,177690,,,
194014,36881,170649,,,
194015,36881,174486,,,
194016,36881,181390,,,
194018,36881,179601,,,
194019,36881,179600,,,
194020,36881,179599,,,
194021,36881,179469,,,
194022,36881,177675,,,
194023,36881,171274,,,
194025,36881,170124,,,
194026,36881,170123,,,
194027,36881,170122,,,
194028,36881,170121,,,
194029,36881,170119,,,
194030,36881,177158,,,
194032,36855,181783,,,
194033,36855,183964,,,
194034,36855,181778,,,
194035,36836,191724,,,
194036,36836,191728,,,
194037,36884,188509,,,
194039,36884,197012,,,
194040,36884,197871,,,
194041,36884,195279,,,
194042,36884,193198,,,
194043,36884,185102,,,
194044,36884,195276,,,
194046,36884,189735,,,
194047,36884,187494,,,
194048,36884,188546,,,
194049,36884,188512,,,
194050,36884,183520,,,
194051,36835,179454,,,
194053,36835,169589,,,
194054,36835,173044,,,
194055,36835,180972,,,
194056,36835,175586,,,
194057,36835,173648,,,
194058,36835,179790,,,
194060,36835,178763,,,
194061,36835,178756,,,
194062,36835,173373,,,
194063,36835,173372,,,
194064,36835,180792,,,
194065,36835,169528,,,
194067,36835,181032,,,
194068,36835,176424,,,
194069,36835,175267,,,
194070,36835,180129,,,
194071,36835,174749,,,
194072,36835,174488,,,
194074,36835,175120,,,
194075,36835,174096,,,
194076,36835,176268,,,
194077,36835,177675,,,
194078,36835,174217,,,
194079,36835,174212,,,
194081,36835,175105,,,
194082,36868,193906,,,
194083,36868,187509,,,
194084,36868,187507,,,
194085,36868,185331,,,
194086,36868,189680,,,
194088,36868,187503,,,
194089,36868,183919,,,
194090,36868,189676,,,
194091,36868,185320,,,
194092,36868,192994,,,
194093,36868,192993,,,
194095,36868,192984,,,
194096,36868,192983,,,
194097,36868,192982,,,
194098,36868,186454,,,
194100,36868,194639,,,
194101,36868,192084,,,
194102,36868,192979,,,
194104,36868,189264,,,
194105,36868,186960,,,
194106,36868,188239,,,
194107,36868,193866,,,
194108,36868,192972,,,
194109,36868,192971,,,
194111,36868,182343,,,
194112,36868,195012,,,
194113,36868,189252,,,
194114,36868,190017,,,
194115,36868,182080,,,
194116,36868,192063,,,
194118,36868,195001,,,
194119,36868,186680,,,
194120,36868,192054,,,
194121,36868,186931,,,
194122,36868,192050,,,
194123,36868,195631,,,
194125,36868,192546,,,
194126,36868,191647,,,
194127,36868,194588,,,
194128,36868,193051,,,
194129,36868,187027,,,
194130,36868,183700,,,
194132,36868,191632,,,
194133,36868,188304,,,
194134,36868,183696,,,
194135,36868,181517,,,
194136,36868,195083,,,
194137,36868,181515,,,
194139,36868,181513,,,
194140,36868,195976,,,
194141,36856,105343,,,
194142,36856,129243,,,
194143,36856,129241,,,
194144,36856,167219,,,
194146,36856,167247,,,
194147,36856,125519,,,
194148,36856,107087,,,
194149,36856,167214,,,
194150,36856,104876,,,
194151,36856,162632,,,
194153,36856,135649,,,
194154,36856,144449,,,
194155,36882,132188,,,
194156,36882,131504,,,
194157,36877,169077,,,
194158,36877,123874,,,
194160,36817,121516,,,
194161,36833,186367,,,
194162,36833,189438,,,
194163,36833,186365,,,
194164,36833,189435,,,
194165,36833,186360,,,
194167,36833,194028,,,
194168,36833,195046,,,
194169,36833,191968,,,
194170,36833,192986,,,
194171,36833,184247,,,
194172,36833,185767,,,
194174,36833,191895,,,
194175,36833,190870,,,
194176,36833,189334,,,
194177,36833,193423,,,
194178,36833,193422,,,
194179,36833,188301,,,
194181,36833,189308,,,
194182,36833,189316,,,
194183,36833,189315,,,
194184,36833,189314,,,
194185,36833,189313,,,
194186,36833,189312,,,
194188,36833,189306,,,
194189,36833,189309,,,
194190,36833,189307,,,
194191,36833,189304,,,
194192,36833,189305,,,
194193,36833,188280,,,
194195,36833,189303,,,
194196,36833,189302,,,
194197,36833,189301,,,
194198,36833,189300,,,
194199,36833,189299,,,
194200,36833,189298,,,
194202,36833,189296,,,
194203,36833,190827,,,
194204,36833,193384,,,
194205,36833,190818,,,
194207,36833,183132,,,
194208,36833,189786,,,
194209,36833,189784,,,
194211,36833,189780,,,
194212,36833,189776,,,
194213,36833,189774,,,
194214,36833,188238,,,
194215,36833,189772,,,
194216,36833,189770,,,
194218,36833,189768,,,
194219,36833,190274,,,
194220,36833,190272,,,
194221,36833,187711,,,
194222,36833,189755,,,
194223,36833,189754,,,
194225,36833,189752,,,
194226,36833,187705,,,
194227,36833,187704,,,
194228,36833,185649,,,
194229,36833,189740,,,
194230,36833,189739,,,
194232,36833,181530,,,
194233,36833,188695,,,
194234,36833,189943,,,
194235,36833,191233,,,
194236,36833,188664,,,
194237,36833,190182,,,
194239,36833,189670,,,
194240,36833,193765,,,
194241,36833,189666,,,
194242,36833,190175,,,
194243,36833,188637,,,
194244,36833,184537,,,
194246,36833,192202,,,
194247,36833,192201,,,
194248,36833,190139,,,
194249,36833,195767,,,
194250,36833,189623,,,
194251,36833,190132,,,
194253,36833,194692,,,
194254,36833,194691,,,
194255,36833,186477,,,
194256,36833,184939,,,
194257,36833,194665,,,
194258,36833,185439,,,
194260,36833,185911,,,
194261,36833,190519,,,
194262,36833,190515,,,
194263,36833,194605,,,
194264,36833,182827,,,
194265,36833,186406,,,
194267,36833,192545,,,
194268,36833,190497,,,
194269,36833,190488,,,
194270,36833,194056,,,
194271,36833,194052,,,
194272,36833,194051,,,
194274,36814,197818,,,
194275,36810,202174,,,
194276,36810,201423,,,
194277,36810,201422,,,
194278,36810,201421,,,
194279,36810,202381,,,
194281,36866,206559,,,
194282,36866,131261,,,
194283,36866,206492,,,
194284,36866,206491,,,
194285,36866,206490,,,
194286,36866,206489,,,
194288,36866,202935,,,
194289,36866,144626,,,
194290,36866,160881,,,
194291,36866,160332,,,
194292,36866,160331,,,
194293,36866,142603,,,
194295,36866,131048,,,
194296,36866,144607,,,
194297,36866,142371,,,
194298,36866,132354,,,
194299,36866,160896,,,
194300,36819,184702,,,
194302,36819,189942,,,
194303,36819,192497,,,
194304,36819,192495,,,
194305,36819,188012,,,
194306,36819,188010,,,
194307,36819,187748,,,
194309,36819,195413,,,
194310,36819,192469,,,
194311,36819,190420,,,
194312,36819,190418,,,
194314,36819,187730,,,
194315,36819,187727,,,
194316,36819,187726,,,
194318,36819,181580,,,
194319,36819,190411,,,
194320,36819,185034,,,
194321,36819,195391,,,
194322,36819,195390,,,
194323,36819,195389,,,
194325,36819,193859,,,
194326,36819,188354,,,
194327,36819,186818,,,
194328,36819,195388,,,
194329,36819,195387,,,
194330,36819,193855,,,
194332,36819,186813,,,
194333,36819,187836,,,
194334,36819,186811,,,
194335,36819,194233,,,
194336,36819,194867,,,
194337,36819,186804,,,
194339,36819,192816,,,
194340,36819,186800,,,
194341,36819,194858,,,
194342,36819,195623,,,
194343,36819,185509,,,
194344,36819,195620,,,
194346,36819,193175,,,
194347,36819,193044,,,
194348,36819,186514,,,
194349,36819,193165,,,
194350,36819,184970,,,
194351,36819,199048,,,
194353,36819,192896,,,
194354,36878,165754,,,
194355,36878,136571,,,
194356,36878,167418,,,
194357,36878,167253,,,
194358,36878,127411,,,
194360,36878,165741,,,
194361,36878,126478,,,
194362,36878,103469,,,
194363,36878,167212,,,
194364,36878,144459,,,
194365,36878,134506,,,
194367,36878,126760,,,
194368,36878,126145,,,
194369,36820,164356,,,
194370,36872,127355,,,
194371,36872,130936,,,
194372,36872,139287,,,
194374,36872,111374,,,
194375,36872,112300,,,
194376,36872,139334,,,
194377,36872,112292,,,
194378,36872,112289,,,
194379,36834,199391,,,
194381,36834,200373,,,
194382,36834,199698,,,
194383,36834,199528,,,
194384,36834,200326,,,
194385,36834,199459,,,
194386,36827,163775,,,
194388,36812,201818,,,
194389,36812,200120,,,
194390,36858,141182,,,
194391,36858,106749,,,
194392,36858,104316,,,
194393,36858,105717,,,
194395,36858,107497,,,
194396,36858,104551,,,
194397,36858,141797,,,
194398,36858,141668,,,
194399,36858,108260,,,
194400,36858,107491,,,
194402,36858,105688,,,
194403,36858,105724,,,
194404,36858,105684,,,
194405,36858,169279,,,
194406,36858,160313,,,
194407,36858,133043,,,
194409,36858,128170,,,
194410,36858,105640,,,
194411,36858,141221,,,
194412,36858,123558,,,
194413,36858,103589,,,
194414,36858,149667,,,
194416,36858,163588,,,
194417,36875,178046,,,
194418,36875,169750,,,
194419,36875,169748,,,
194421,36875,171147,,,
194422,36816,189615,,,
194423,36816,189614,,,
194425,36861,126971,,,
194426,36861,126970,,,
194427,36861,128175,,,
194428,36861,137830,,,
194429,36861,147332,,,
194430,36861,128131,,,
194432,36880,178679,,,
194433,36880,174070,,,
194434,36880,173043,,,
194435,36880,179698,,,
194436,36880,179182,,,
194437,36880,180717,,,
194439,36880,176617,,,
194440,36880,179687,,,
194441,36880,172007,,,
194442,36880,176096,,,
194443,36880,179679,,,
194444,36880,179678,,,
194446,36880,178134,,,
194447,36880,179661,,,
194448,36880,180682,,,
194449,36880,179659,,,
194450,36880,180168,,,
194451,36880,178120,,,
194453,36880,180679,,,
194454,36880,169409,,,
194455,36880,176575,,,
194456,36880,172991,,,
194457,36880,176572,,,
194458,36880,177082,,,
194460,36880,169912,,,
194461,36880,177588,,,
194462,36880,177074,,,
194463,36880,177069,,,
194464,36880,176557,,,
194465,36880,176047,,,
194467,36880,169389,,,
194468,36880,176044,,,
194469,36880,169894,,,
194470,36880,178597,,,
194471,36880,179106,,,
194472,36880,179105,,,
194474,36880,174493,,,
194475,36880,174492,,,
194476,36880,176537,,,
194477,36880,176536,,,
194478,36880,171927,,,
194479,36880,169365,,,
194481,36880,169871,,,
194482,36880,169352,,,
194483,36880,177031,,,
194484,36880,177029,,,
194485,36880,175493,,,
194486,36880,176512,,,
194488,36880,176506,,,
194489,36880,169850,,,
194490,36880,172408,,,
194491,36880,171384,,,
194492,36880,176503,,,
194493,36880,180596,,,
194495,36880,172396,,,
194496,36880,169834,,,
194497,36880,179042,,,
194498,36880,178018,,,
194499,36880,178017,,,
194500,36880,175451,,,
194502,36880,171857,,,
194503,36880,172366,,,
194504,36880,179021,,,
194505,36880,169801,,,
194506,36880,179518,,,
194507,36880,176446,,,
194509,36880,171829,,,
194510,36880,176437,,,
194511,36880,180530,,,
194512,36880,180529,,,
194513,36880,176432,,,
194514,36880,170793,,,
194516,36880,170791,,,
194517,36880,173858,,,
194518,36880,177951,,,
194519,36880,176927,,,
194520,36880,177947,,,
194521,36880,172826,,,
194523,36880,180504,,,
194524,36880,171799,,,
194525,36880,171798,,,
194526,36880,178449,,,
194528,36880,171793,,,
194529,36880,177423,,,
194530,36880,177407,,,
194532,36880,171771,,,
194533,36880,180986,,,
194534,36880,180980,,,
194535,36880,173293,,,
194536,36880,173801,,,
194537,36880,172264,,,
194539,36880,174822,,,
194540,36880,179428,,,
194541,36880,174817,,,
194542,36880,180940,,,
194543,36880,177355,,,
194544,36880,171712,,,
194546,36880,177341,,,
194547,36880,177337,,,
194548,36880,176312,,,
194549,36880,176311,,,
194550,36880,169650,,,
194551,36880,173231,,,
194553,36880,174251,,,
194554,36880,180903,,,
194555,36880,181412,,,
194556,36880,171682,,,
194557,36880,179358,,,
194558,36880,181400,,,
194560,36880,179862,,,
194561,36880,181397,,,
194562,36880,180371,,,
194563,36880,174227,,,
194564,36880,179346,,,
194565,36880,180364,,,
194567,36880,178827,,,
194568,36880,176779,,,
194569,36880,178818,,,
194570,36880,173185,,,
194571,36880,178811,,,
194572,36880,170104,,,
194574,36880,181358,,,
194575,36880,181357,,,
194576,36880,171626,,,
194577,36880,178790,,,
194578,36880,178785,,,
194579,36880,172125,,,
194581,36880,181339,,,
194582,36880,181338,,,
194583,36880,179797,,,
194584,36880,170063,,,
194585,36880,174670,,,
194586,36880,177739,,,
194588,36880,178746,,,
194589,36880,174648,,,
194590,36880,174647,,,
194591,36880,174645,,,
194592,36880,173618,,,
194593,36880,172082,,,
194595,36880,179749,,,
194596,36880,172069,,,
194597,36880,176673,,,
194598,36880,172573,,,
194599,36880,181273,,,
194600,36880,178713,,,
194602,36880,178199,,,
194603,36880,180759,,,
194604,36880,180757,,,
194605,36880,180754,,,
194606,36880,170514,,,
194607,36880,178192,,,
194609,36880,178188,,,
194610,36880,178187,,,
194611,36880,181256,,,
194612,36880,181254,,,
194613,36880,176128,,,
194614,36906,187728,,,
194616,36906,187727,,,
194617,36906,187251,,,
194618,36906,187726,,,
194619,36906,197824,,,
194620,36906,182754,,,
194621,36906,190943,,,
194623,36906,187235,,,
194624,36906,191692,,,
194625,36906,189539,,,
194626,36906,189538,,,
194627,36906,187736,,,
194628,36906,187735,,,
194630,36906,191691,,,
194631,36906,187732,,,
194632,36906,185047,,,
194633,36906,191690,,,
194635,36906,195158,,,
194636,36906,195154,,,
194637,36906,183893,,,
194639,36906,183891,,,
194640,36906,183890,,,
194641,36906,181843,,,
194642,36906,181842,,,
194643,36906,183889,,,
194644,36906,183888,,,
194646,36906,183886,,,
194647,36906,183885,,,
194648,36906,191688,,,
194649,36906,191687,,,
194650,36906,191686,,,
194651,36906,191685,,,
194653,36906,191683,,,
194654,36906,184518,,,
194655,36906,184517,,,
194656,36906,184516,,,
194657,36906,181443,,,
194658,36906,191682,,,
194660,36906,191680,,,
194661,36906,191679,,,
194662,36906,191678,,,
194663,36906,195389,,,
194664,36906,195388,,,
194665,36906,195387,,,
194667,36906,192683,,,
194668,36906,191520,,,
194669,36906,191899,,,
194670,36906,187734,,,
194671,36906,182747,,,
194672,36906,195391,,,
194674,36906,188819,,,
194675,36906,195390,,,
194676,36906,196036,,,
194677,36906,187731,,,
194678,36906,187785,,,
194679,36906,187730,,,
194681,36906,192134,,,
194682,36906,192133,,,
194683,36906,192132,,,
194684,36906,192131,,,
194685,36906,187729,,,
194686,36906,189696,,,
194688,36924,175612,,,
194689,36924,180724,,,
194690,36924,177653,,,
194691,36924,176115,,,
194692,36924,172020,,,
194693,36924,173043,,,
194695,36924,175600,,,
194696,36924,176111,,,
194697,36924,181230,,,
194698,36924,180715,,,
194699,36924,170475,,,
194700,36924,176617,,,
194702,36924,179682,,,
194703,36924,170462,,,
194704,36924,181213,,,
194705,36924,180698,,,
194706,36924,175578,,,
194707,36924,178137,,,
194709,36924,181199,,,
194710,36924,179659,,,
194711,36924,180679,,,
194712,36924,178118,,,
194713,36924,178117,,,
194714,36924,169920,,,
194716,36924,175038,,,
194717,36924,176572,,,
194718,36924,177081,,,
194719,36924,174521,,,
194720,36924,177080,,,
194721,36924,169911,,,
194723,36924,177663,,,
194724,36924,178600,,,
194725,36924,178596,,,
194726,36924,178595,,,
194727,36924,180635,,,
194728,36924,176537,,,
194730,36924,169875,,,
194731,36924,176015,,,
194732,36924,176525,,,
194733,36924,169352,,,
194734,36924,177031,,,
194735,36924,177029,,,
194737,36924,169854,,,
194738,36924,178553,,,
194739,36924,170873,,,
194740,36924,170360,,,
194742,36924,172408,,,
194743,36924,170871,,,
194744,36924,180596,,,
194746,36924,169834,,,
194747,36924,181095,,,
194748,36924,170339,,,
194749,36924,181084,,,
194750,36924,179038,,,
194751,36924,178524,,,
194753,36924,181083,,,
194754,36924,181082,,,
194755,36924,178521,,,
194756,36924,181080,,,
194757,36924,179027,,,
194758,36924,181070,,,
194760,36924,174414,,,
194761,36924,169801,,,
194762,36924,179011,,,
194763,36924,176959,,,
194764,36924,176446,,,
194765,36924,170812,,,
194767,36924,177461,,,
194768,36924,176437,,,
194769,36924,181041,,,
194770,36924,176432,,,
194771,36924,175920,,,
194772,36924,176943,,,
194774,36924,170283,,,
194775,36924,171306,,,
194776,36924,170280,,,
194777,36924,170790,,,
194778,36924,172325,,,
194779,36924,170788,,,
194781,36924,173858,,,
194782,36924,181024,,,
194783,36924,181023,,,
194784,36924,176927,,,
194785,36924,172826,,,
194786,36924,180504,,,
194788,36924,171798,,,
194789,36924,178449,,,
194790,36924,169735,,,
194791,36924,178950,,,
194792,36924,171771,,,
194793,36924,177403,,,
194795,36924,177401,,,
194796,36924,173816,,,
194797,36924,180980,,,
194798,36924,172264,,,
194799,36924,169704,,,
194800,36924,172263,,,
194802,36924,180940,,,
194803,36924,178891,,,
194804,36924,177355,,,
194805,36924,180938,,,
194806,36924,177861,,,
194807,36924,171712,,,
194809,36924,179901,,,
194810,36924,180921,,,
194811,36924,171700,,,
194812,36924,169650,,,
194813,36924,169644,,,
194814,36924,180901,,,
194816,36924,171682,,,
194817,36924,180896,,,
194818,36924,179358,,,
194819,36924,180893,,,
194820,36924,174236,,,
194821,36924,176279,,,
194823,36924,169615,,,
194824,36924,172166,,,
194825,36924,172669,,,
194826,36924,181358,,,
194827,36924,181357,,,
194828,36924,172125,,,
194830,36924,169560,,,
194831,36924,179797,,,
194832,36924,171592,,,
194833,36924,176194,,,
194834,36924,180793,,,
194835,36924,181297,,,
194837,36924,180779,,,
194838,36924,181284,,,
194839,36924,180769,,,
194840,36924,180767,,,
194841,36924,172573,,,
194842,36924,172569,,,
194844,36924,180757,,,
194845,36924,180756,,,
194846,36924,178706,,,
194847,36924,178192,,,
194849,36924,178701,,,
194850,36924,178188,,,
194851,36924,178187,,,
194853,36924,180744,,,
194854,36924,180743,,,
194855,36924,180742,,,
194856,36924,181253,,,
194857,36927,165366,,,
194858,36927,116724,,,
194860,36927,117744,,,
194861,36927,117232,,,
194862,36927,120805,,,
194863,36927,120804,,,
194864,36927,125407,,,
194865,36927,127961,,,
194867,36927,162769,,,
194868,36927,168397,,,
194869,36927,162760,,,
194870,36927,162754,,,
194871,36927,124355,,,
194872,36927,126402,,,
194874,36927,122814,,,
194875,36927,138172,,,
194876,36927,124859,,,
194877,36927,162740,,,
194878,36927,139699,,,
194879,36927,125356,,,
194881,36927,147368,,,
194882,36927,127377,,,
194883,36927,134542,,,
194884,36927,165765,,,
194885,36927,123773,,,
194886,36927,138106,,,
194888,36927,106869,,,
194889,36927,159603,,,
194890,36927,166246,,,
194891,36927,105829,,,
194892,36927,150368,,,
194893,36927,141152,,,
194895,36927,140636,,,
194896,36927,140635,,,
194897,36927,140634,,,
194898,36927,128853,,,
194899,36927,128850,,,
194900,36927,107849,,,
194902,36927,139588,,,
194903,36927,123193,,,
194904,36927,154922,,,
194905,36927,161062,,,
194906,36927,137509,,,
194907,36927,204569,,,
194909,36927,158490,,,
194910,36927,134936,,,
194911,36927,122648,,,
194912,36927,122646,,,
194913,36927,129814,,,
194914,36927,122645,,,
194916,36927,112908,,,
194917,36927,152327,,,
194918,36927,134408,,,
194919,36927,129800,,,
194920,36927,116999,,,
194921,36927,112903,,,
194923,36927,140545,,,
194924,36927,149246,,,
194925,36927,140538,,,
194926,36927,140537,,,
194927,36927,141558,,,
194928,36927,140513,,,
194930,36927,140509,,,
194931,36927,107738,,,
194932,36927,117457,,,
194933,36927,103630,,,
194934,36927,131269,,,
194935,36927,117445,,,
194937,36927,133824,,,
194938,36927,129215,,,
194939,36927,160444,,,
194940,36927,129208,,,
194941,36927,116406,,,
194942,36927,160946,,,
194944,36927,136870,,,
194945,36927,117407,,,
194946,36927,148126,,,
194947,36927,156316,,,
194948,36927,156315,,,
194949,36927,130203,,,
194951,36927,137366,,,
194952,36927,141972,,,
194953,36927,113812,,,
194954,36927,141970,,,
194956,36927,121477,,,
194957,36927,118915,,,
194958,36927,164992,,,
194960,36927,142972,,,
194961,36927,161911,,,
194962,36927,144495,,,
194963,36927,140396,,,
194964,36927,160356,,,
194965,36927,138339,,,
194967,36927,141387,,,
194968,36927,117323,,,
194969,36927,119877,,,
194970,36927,114754,,,
194971,36927,132160,,,
194972,36927,160831,,,
194974,36927,133176,,,
194975,36927,117811,,,
194976,36927,122919,,,
194977,36927,130080,,,
194978,36927,123935,,,
194979,36927,124955,,,
194981,36927,128019,,,
194982,36927,107539,,,
194983,36927,122377,,,
194984,36927,122376,,,
194985,36897,195591,,,
194986,36897,190781,,,
194988,36932,104827,,,
194989,36932,129243,,,
194990,36932,140698,,,
194991,36932,129241,,,
194992,36932,167219,,,
194993,36932,166068,,,
194995,36932,134292,,,
194996,36932,130228,,,
194997,36932,166067,,,
194998,36932,167247,,,
194999,36932,137200,,,
195000,36932,125519,,,
195002,36932,141965,,,
195003,36932,166060,,,
195004,36932,144449,,,
195005,36899,184862,,,
195006,36899,184861,,,
195007,36899,199190,,,
195009,36899,187854,,,
195010,36899,196077,,,
195011,36899,195493,,,
195012,36899,184867,,,
195013,36899,196066,,,
195014,36899,184864,,,
195016,36947,142837,,,
195017,36947,130028,,,
195018,36947,107497,,,
195019,36947,141797,,,
195020,36947,117725,,,
195021,36947,141786,,,
195023,36947,127949,,,
195024,36947,142787,,,
195025,36947,121282,,,
195026,36947,142784,,,
195027,36947,142782,,,
195028,36947,142781,,,
195030,36947,142778,,,
195031,36947,142777,,,
195032,36947,142773,,,
195033,36947,151979,,,
195034,36947,151978,,,
195035,36947,137123,,,
195037,36947,162712,,,
195038,36947,142221,,,
195039,36947,129418,,,
195040,36947,127882,,,
195041,36947,108928,,,
195042,36947,124793,,,
195044,36947,124791,,,
195045,36947,127860,,,
195046,36947,142700,,,
195047,36947,124256,,,
195048,36947,134493,,,
195049,36947,126279,,,
195051,36947,124218,,,
195052,36947,134454,,,
195053,36947,116530,,,
195054,36947,123179,,,
195055,36947,160542,,,
195056,36947,164119,,,
195058,36947,131339,,,
195059,36947,163594,,,
195060,36947,163593,,,
195061,36947,144647,,,
195063,36947,163590,,,
195064,36947,132869,,,
195065,36947,163588,,,
195067,36947,124156,,,
195068,36947,105724,,,
195069,36947,124155,,,
195070,36947,1241